Date,Open,High,Low,Last,Close,Total Trade Quantity,Turnover (Lacs)
2017-04-21,492.0,497.0,483.3,486.0,486.25,10301245.0,50474.82
2017-04-20,496.15,504.4,487.0,488.25,488.0,8153829.0,39964.94
2017-04-19,498.25,501.45,488.25,498.3,499.5,7447021.0,36870.96
2017-04-18,505.0,508.95,498.0,498.3,499.65,5450454.0,27553.61
2017-04-17,505.55,509.05,501.25,501.75,502.35,4070932.0,20545.24
2017-04-13,506.6,511.35,502.9,507.85,507.55,6216374.0,31517.48
2017-04-12,515.3,520.4,503.25,506.6,506.0,6161411.0,31543.37
2017-04-11,509.6,516.6,508.1,513.55,515.05,7406691.0,38017.32
2017-04-10,504.65,513.0,503.35,510.2,510.75,5986936.0,30521.92
2017-04-07,507.0,514.9,502.5,504.6,504.2,5019268.0,25523.6
2017-04-06,507.7,517.65,505.15,508.0,508.7,9928098.0,50729.13
2017-04-05,503.85,510.55,498.85,507.0,508.3,6595144.0,33329.32
2017-04-03,495.7,503.7,491.35,501.0,500.6,5755303.0,28704.57
2017-03-31,499.7,503.7,488.8,490.8,490.8,6985211.0,34663.05
2017-03-30,498.95,504.0,495.0,498.35,499.25,8454772.0,42221.96
2017-03-29,506.0,513.0,500.1,502.55,504.2,12677454.0,64164.35
2017-03-28,492.3,505.0,490.05,504.25,502.8,11194711.0,55847.96
2017-03-27,488.4,493.25,483.55,487.0,487.15,5384510.0,26267.97
2017-03-24,491.0,495.7,484.85,489.3,489.35,5501203.0,27027.9
2017-03-23,487.55,492.0,483.0,487.8,488.25,6942275.0,33817.55
2017-03-22,485.0,502.4,484.0,485.5,485.45,12685275.0,62505.8
2017-03-21,498.75,500.0,486.05,489.0,488.3,11017752.0,54009.5
2017-03-20,518.0,518.25,501.3,502.5,502.85,4932998.0,24977.47
2017-03-17,515.3,519.0,511.7,515.45,517.15,20296836.0,104882.42
2017-03-16,513.0,516.8,511.3,513.05,513.65,5362177.0,27556.51
2017-03-15,514.7,515.8,509.05,511.75,511.7,6248549.0,32017.59
2017-03-14,524.9,525.65,509.55,511.0,510.9,7975713.0,41330.41
2017-03-10,519.2,520.0,513.0,515.25,515.9,5494130.0,28336.36
2017-03-09,509.6,519.55,506.5,516.15,516.4,8560015.0,44130.9
2017-03-08,504.6,512.8,500.25,512.05,510.15,8850848.0,44830.03
2017-03-07,519.0,519.9,509.25,512.0,511.8,6043543.0,30962.12
2017-03-06,514.7,520.8,512.3,518.55,518.65,6994407.0,36180.97
2017-03-03,507.25,515.0,506.25,513.6,512.9,3965255.0,20249.19
2017-03-02,515.1,519.8,503.7,507.5,506.3,7112655.0,36434.98
2017-03-01,511.0,522.0,510.15,514.0,513.4,7624002.0,39370.37
2017-02-28,509.4,512.5,504.6,506.0,506.65,5799421.0,29453.32
2017-02-27,527.9,527.9,507.3,509.1,508.95,7372140.0,37855.67
2017-02-23,525.0,530.0,518.05,524.55,528.15,10360480.0,54428.4
2017-02-22,508.5,528.05,507.8,524.2,525.3,20167381.0,104705.71
2017-02-21,481.9,509.05,481.2,506.75,504.35,16440027.0,81071.81
2017-02-20,489.4,490.65,479.65,479.9,481.05,5840632.0,28320.55
2017-02-17,501.0,504.0,487.4,488.95,489.1,12983330.0,64338.16
2017-02-16,487.7,494.35,486.55,493.2,493.15,5218900.0,25617.8
2017-02-15,488.0,493.45,483.8,489.0,488.2,6242589.0,30483.01
2017-02-14,490.3,491.45,482.1,486.3,486.9,4089031.0,19867.37
2017-02-13,492.7,493.85,486.75,490.95,490.3,6626404.0,32493.75
2017-02-10,489.75,492.5,486.2,488.75,488.9,10345868.0,50598.85
2017-02-09,491.0,494.55,482.95,486.55,485.25,7938519.0,38743.76
2017-02-08,492.4,492.7,481.85,488.75,487.6,9694192.0,47162.16
2017-02-07,498.4,499.7,490.6,491.45,493.4,5242366.0,25951.6
2017-02-06,494.75,500.2,492.0,499.0,498.3,8575116.0,42583.71
2017-02-03,483.7,492.5,480.15,489.9,490.7,7134563.0,34786.84
2017-02-02,476.25,486.0,473.35,483.0,482.55,7557596.0,36493.14
2017-02-01,467.75,479.9,460.0,475.8,475.65,8340303.0,39339.35
2017-01-31,472.0,472.0,464.3,466.0,466.0,10629001.0,49610.2
2017-01-30,472.0,476.6,470.85,471.45,471.9,4525720.0,21426.52
2017-01-27,465.25,478.85,465.25,472.0,472.85,8821164.0,41833.71
2017-01-25,452.0,465.1,452.0,464.4,463.55,14328065.0,66041.23
2017-01-24,447.8,452.55,445.3,452.0,451.25,7103963.0,31896.46
2017-01-23,445.25,448.95,441.1,445.0,445.0,16502895.0,73397.42
2017-01-20,458.0,461.4,448.0,448.7,450.75,30189779.0,137363.7
2017-01-19,486.7,487.9,479.3,480.7,483.8,7688347.0,37190.36
2017-01-18,487.15,491.7,483.25,487.0,488.5,8789347.0,42865.06
2017-01-17,477.3,488.2,476.95,485.6,487.2,11331156.0,54776.56
2017-01-16,472.5,480.5,468.3,477.2,477.25,7430300.0,35408.22
2017-01-13,457.0,475.2,455.2,472.0,472.8,12693510.0,59574.12
2017-01-12,454.2,461.4,452.6,455.8,455.2,5106342.0,23331.52
2017-01-11,451.85,457.55,448.2,452.5,453.6,5678047.0,25721.14
2017-01-10,455.5,456.05,424.4,447.8,447.35,9436151.0,42168.5
2017-01-09,456.9,459.35,451.55,453.2,452.75,2690456.0,12240.48
2017-01-06,459.7,461.8,454.05,454.4,455.2,4431212.0,20260.48
2017-01-05,454.6,463.9,453.25,457.1,458.05,5829373.0,26725.28
2017-01-04,455.0,460.0,451.95,454.1,453.1,3703873.0,16854.72
2017-01-03,449.6,457.8,443.5,454.95,455.25,4621782.0,20957.16
2017-01-02,451.4,452.0,441.25,447.0,447.75,3054394.0,13628.0
2016-12-30,445.5,452.2,445.05,450.3,449.95,4616817.0,20783.87
2016-12-29,442.0,445.9,437.7,445.9,444.25,6082573.0,26907.76
2016-12-28,439.7,448.25,438.0,438.7,440.05,5072550.0,22462.51
2016-12-27,431.1,438.9,431.1,435.8,437.65,4694669.0,20451.8
2016-12-26,435.1,435.85,427.0,430.95,432.0,4494204.0,19371.98
2016-12-23,448.0,449.35,436.0,436.2,438.1,9018273.0,39840.24
2016-12-22,455.8,455.8,445.05,450.7,447.55,6540181.0,29336.58
2016-12-21,463.55,465.8,455.1,455.8,457.7,4454408.0,20547.09
2016-12-20,469.0,469.7,460.45,462.4,461.65,4836019.0,22412.92
2016-12-19,469.5,472.75,466.45,468.9,467.6,3735250.0,17502.87
2016-12-16,479.5,480.7,468.7,471.3,472.8,20477361.0,96951.77
2016-12-15,459.1,479.4,459.1,478.75,478.1,18021627.0,85309.0
2016-12-14,454.65,469.8,454.0,466.55,467.2,12775149.0,59336.45
2016-12-13,445.8,454.45,442.3,453.5,452.95,8404874.0,37648.68
2016-12-12,445.0,452.0,444.1,444.8,445.1,6849079.0,30662.59
2016-12-09,451.7,458.0,445.55,455.65,456.4,7780448.0,35172.55
2016-12-08,449.9,452.85,447.4,449.1,449.35,7629221.0,34375.44
2016-12-07,457.85,457.85,441.25,447.0,447.1,7558363.0,34199.49
2016-12-06,461.8,463.2,454.35,454.75,455.95,5465618.0,25048.14
2016-12-05,457.7,464.7,455.8,461.3,460.75,4995436.0,22977.63
2016-12-02,466.9,466.9,458.0,459.6,459.95,6381901.0,29512.71
2016-12-01,474.0,474.45,464.3,465.0,466.05,7451748.0,34831.2
2016-11-30,465.0,471.0,462.05,469.85,469.85,13575386.0,63359.98
2016-11-29,473.0,475.6,463.0,465.7,464.65,7612624.0,35716.66
2016-11-28,464.0,477.6,461.15,472.75,472.9,8268812.0,38868.72
2016-11-25,472.25,473.0,465.3,471.15,471.2,4674455.0,21946.1
2016-11-24,479.7,479.7,466.05,469.0,468.2,8199524.0,38652.91
2016-11-23,475.0,482.55,469.15,479.0,480.5,6477616.0,30916.88
2016-11-22,468.05,475.5,458.05,474.65,470.75,7313923.0,34052.99
2016-11-21,475.9,476.5,463.05,466.7,465.7,6217176.0,29099.74
2016-11-18,478.0,478.9,472.0,473.0,473.45,4572569.0,21711.07
2016-11-17,474.35,484.4,471.35,475.0,474.1,10250008.0,49002.51
2016-11-16,486.85,487.35,470.1,471.85,472.7,10704594.0,51178.61
2016-11-15,498.0,503.0,476.75,480.05,479.3,11822835.0,57679.19
2016-11-11,505.0,512.7,495.0,495.45,498.75,7085764.0,35512.46
2016-11-10,494.0,513.6,494.0,507.5,506.95,11433458.0,57875.76
2016-11-09,459.0,493.95,458.95,489.3,487.55,12824970.0,61723.44
2016-11-08,487.05,492.45,483.25,491.55,490.85,7460548.0,36463.52
2016-11-07,484.75,489.45,482.05,483.9,485.4,6990315.0,33946.28
2016-11-04,474.4,485.7,474.2,478.0,478.7,10868004.0,52200.09
2016-11-03,475.5,479.8,473.65,476.0,475.85,6631504.0,31592.13
2016-11-02,469.8,480.5,468.1,476.05,476.8,9885845.0,46867.32
2016-11-01,488.05,488.05,474.45,475.1,475.8,10425548.0,49982.55
2016-10-30,490.0,491.0,486.2,486.8,487.7,937701.0,4581.79
2016-10-28,486.9,494.0,484.55,487.0,486.9,12688495.0,61916.37
2016-10-27,485.0,489.6,477.3,487.0,485.65,17198496.0,83300.24
2016-10-26,499.0,502.0,484.5,485.25,487.55,38780250.0,190009.43
2016-10-25,520.9,531.5,520.1,530.5,529.1,7356952.0,38768.81
2016-10-24,529.45,530.0,517.55,521.8,521.55,10660533.0,55587.18
2016-10-21,538.7,539.2,524.2,525.5,526.1,6526349.0,34445.31
2016-10-20,537.1,544.85,536.0,540.0,540.05,6969699.0,37672.87
2016-10-19,535.65,542.0,529.1,535.1,535.55,10754624.0,57644.91
2016-10-18,523.9,534.05,518.4,532.85,532.45,13532992.0,71135.89
2016-10-17,524.15,533.8,517.1,518.85,519.0,7930102.0,41658.07
2016-10-14,521.0,525.0,516.8,521.55,520.65,4314775.0,22445.19
2016-10-13,529.0,529.9,513.2,517.4,518.8,10008090.0,52324.44
2016-10-10,538.0,538.75,530.3,532.5,531.55,3261598.0,17400.04
2016-10-07,530.0,539.4,530.0,533.75,533.85,7702773.0,41197.38
2016-10-06,531.7,535.0,524.05,533.5,530.8,10646794.0,56347.73
2016-10-05,550.0,550.65,533.25,534.0,535.7,8222912.0,44409.66
2016-10-04,553.0,553.35,541.0,548.0,546.6,5690321.0,31127.05
2016-10-03,542.95,552.3,542.9,550.0,550.9,5276340.0,28987.59
2016-09-30,535.0,547.15,530.6,543.0,541.35,5781645.0,31239.84
2016-09-29,554.45,554.85,523.45,541.0,539.3,16581655.0,89392.92
2016-09-28,543.15,550.65,540.5,549.3,549.1,10240083.0,56003.29
2016-09-27,551.0,554.25,538.7,543.2,541.0,9085199.0,49709.84
2016-09-26,559.1,560.0,545.3,547.0,547.4,14880674.0,81993.12
2016-09-23,595.6,596.1,555.7,556.45,557.45,30222177.0,171525.65
2016-09-22,610.0,612.0,590.0,590.1,591.8,10205715.0,60969.6
2016-09-21,596.5,600.35,594.5,599.0,598.9,5480087.0,32769.12
2016-09-20,598.8,599.0,589.15,594.5,592.95,4538973.0,26892.67
2016-09-19,603.0,606.0,592.85,595.0,594.35,5311980.0,31748.09
2016-09-16,592.25,612.4,592.25,599.95,602.2,19309804.0,116377.32
2016-09-15,601.05,603.0,583.3,590.0,588.75,7145326.0,42091.28
2016-09-14,593.0,604.65,590.45,603.65,601.8,5915220.0,35369.89
2016-09-12,597.8,601.85,588.4,594.5,592.1,8471237.0,50225.57
2016-09-09,615.1,624.7,611.7,613.55,613.1,9795054.0,60468.73
2016-09-08,626.0,634.0,619.75,628.9,629.35,8039571.0,50347.58
2016-09-07,637.75,638.3,622.5,626.15,625.1,11869960.0,74838.69
2016-09-06,602.5,637.8,602.5,636.8,635.9,15252302.0,95174.0
2016-09-02,597.7,602.0,594.25,599.25,599.2,7279782.0,43525.13
2016-09-01,597.05,603.0,592.0,597.5,596.65,10204784.0,60943.56
2016-08-31,591.5,603.85,580.7,595.85,596.85,120541914.0,717955.04
2016-08-30,592.0,599.25,588.55,591.55,591.15,11834475.0,70194.53
2016-08-29,586.4,597.0,586.0,590.1,589.15,12461059.0,73709.47
2016-08-26,586.5,589.0,580.3,586.75,586.4,7531289.0,44034.97
2016-08-25,586.8,594.0,585.0,586.0,586.55,17177795.0,101130.38
2016-08-24,584.85,584.85,578.65,584.0,583.4,5835501.0,33950.17
2016-08-23,581.25,585.0,580.1,582.9,582.5,6963978.0,40574.65
2016-08-22,589.9,589.95,579.4,581.6,580.25,9499230.0,55348.22
2016-08-19,595.4,597.6,586.1,588.0,588.55,9209878.0,54415.63
2016-08-18,591.1,597.3,590.8,593.95,593.15,12089285.0,71884.77
2016-08-17,588.2,598.0,585.2,588.55,589.5,9879769.0,58494.42
2016-08-16,593.95,593.95,580.0,582.95,583.3,11126973.0,65081.95
2016-08-12,569.85,593.2,569.8,589.55,591.0,13209690.0,77322.55
2016-08-11,564.25,574.9,564.25,570.55,569.75,5098948.0,29094.33
2016-08-10,574.05,575.3,563.0,568.0,567.9,6611328.0,37488.46
2016-08-09,570.5,576.0,566.7,574.3,574.1,7958291.0,45533.34
2016-08-08,568.45,572.4,565.25,570.35,571.15,7360104.0,41899.27
2016-08-05,552.4,569.0,550.55,564.55,567.25,8030392.0,45212.88
2016-08-04,551.9,556.0,544.65,548.6,547.5,5769753.0,31713.86
2016-08-03,549.65,552.95,540.85,549.15,549.35,6489800.0,35508.04
2016-08-02,552.0,555.6,547.1,551.0,549.65,5749264.0,31710.67
2016-08-01,546.25,557.7,546.25,550.55,550.55,7026398.0,38792.46
2016-07-29,542.5,551.8,542.5,545.75,546.15,4861274.0,26605.16
2016-07-28,548.1,553.35,538.05,545.55,543.85,12174235.0,66185.8
2016-07-27,553.85,558.1,543.45,548.05,548.85,7787071.0,42707.74
2016-07-26,539.7,559.2,535.45,552.0,553.8,11437473.0,62904.42
2016-07-25,518.5,540.0,518.5,539.7,538.1,15701682.0,83429.34
2016-07-22,537.95,545.3,532.9,537.0,537.7,8134377.0,43838.61
2016-07-21,557.9,557.9,535.55,536.95,538.05,9416152.0,51345.77
2016-07-20,563.3,567.85,555.85,556.0,558.25,5258296.0,29500.05
2016-07-19,570.7,573.85,563.85,566.0,565.45,5547223.0,31489.83
2016-07-18,570.0,576.8,569.0,569.95,571.0,6641864.0,38053.65
2016-07-15,556.15,570.45,556.0,565.25,565.05,6247207.0,35305.85
2016-07-14,555.75,561.7,553.6,560.0,560.25,4020476.0,22470.17
2016-07-13,563.7,563.7,551.1,554.6,556.85,6365885.0,35438.92
2016-07-12,550.0,562.1,549.15,560.0,561.0,6541827.0,36367.81
2016-07-11,551.65,553.0,541.55,544.2,544.4,6082359.0,33264.79
2016-07-08,541.0,548.5,540.0,545.4,546.45,6016471.0,32733.88
2016-07-07,539.2,545.9,535.3,540.6,542.25,4650991.0,25253.35
2016-07-05,541.2,546.25,535.25,539.15,539.7,5219466.0,28233.24
2016-07-04,545.5,546.95,539.5,543.0,543.85,5173772.0,28118.87
2016-07-01,535.8,545.7,535.5,542.2,542.9,6701034.0,36304.77
2016-06-30,522.0,535.25,521.0,533.5,533.5,10912401.0,57933.91
2016-06-29,518.5,518.95,514.25,518.0,517.85,4721178.0,24395.29
2016-06-28,515.0,520.5,512.75,513.0,514.0,4479273.0,23085.5
2016-06-27,507.4,517.6,507.15,514.2,514.45,4612787.0,23754.78
2016-06-24,502.0,511.6,492.8,509.0,510.5,9745784.0,48908.69
2016-06-23,518.0,528.0,514.8,524.9,526.4,5874012.0,30613.85
2016-06-22,517.9,521.0,513.6,516.9,516.2,5374493.0,27840.46
2016-06-21,524.5,524.5,515.45,515.75,517.4,5301794.0,27530.83
2016-06-20,515.0,523.9,514.0,522.25,522.45,11335041.0,59043.73
2016-06-17,526.9,533.9,524.7,526.35,526.9,7201452.0,38175.4
2016-06-16,528.0,528.3,516.0,522.7,523.45,5375177.0,28079.54
2016-06-15,531.9,533.4,522.65,529.25,528.8,7836638.0,41354.48
2016-06-14,535.8,535.8,525.5,529.2,529.65,8234417.0,43564.3
2016-06-13,529.8,534.6,524.0,531.5,531.15,6788154.0,35884.9
2016-06-10,540.0,549.15,538.3,541.9,541.05,6382258.0,34679.96
2016-06-09,542.95,545.9,537.1,541.35,542.6,7019405.0,38046.99
2016-06-08,536.4,541.45,530.8,540.75,539.0,6988719.0,37581.84
2016-06-07,539.1,539.1,526.75,533.75,534.4,11455340.0,61044.16
2016-06-06,542.1,545.0,530.3,533.6,532.85,9416306.0,50390.03
2016-06-03,527.15,544.95,527.0,542.25,542.65,13581215.0,73386.61
2016-06-02,510.5,525.0,506.75,524.7,524.35,7013241.0,36214.62
2016-06-01,524.85,529.45,510.0,512.15,511.95,9559476.0,49668.1
2016-05-31,515.0,518.7,510.7,515.4,515.2,5706744.0,29373.26
2016-05-30,513.95,522.05,512.5,512.75,513.7,4892196.0,25312.14
2016-05-27,520.25,525.0,509.0,514.0,512.4,7699491.0,39738.69
2016-05-26,502.5,523.0,500.25,521.05,519.0,11207975.0,57249.63
2016-05-25,494.0,503.0,493.35,502.0,502.15,7144175.0,35732.88
2016-05-24,483.25,490.95,482.0,489.65,488.95,4838908.0,23577.94
2016-05-23,495.4,495.4,485.0,485.7,486.5,4700955.0,23071.88
2016-05-20,493.95,495.7,488.1,490.8,490.6,5012902.0,24641.03
2016-05-19,501.75,501.75,489.0,490.1,490.5,5989236.0,29634.18
2016-05-18,498.5,503.0,495.25,500.0,501.1,8241793.0,41145.55
2016-05-17,490.7,505.5,490.3,502.75,503.35,8982435.0,45006.82
2016-05-16,492.0,493.65,477.25,488.7,486.45,5809867.0,28145.64
2016-05-13,493.7,496.2,486.5,491.15,490.65,7426191.0,36413.77
2016-05-12,498.6,506.9,490.6,494.0,492.55,13528266.0,67488.89
2016-05-11,482.6,499.35,480.25,497.8,498.2,21878712.0,108398.73
2016-05-10,479.0,489.0,478.15,487.0,487.95,12131886.0,58721.37
2016-05-09,465.8,478.0,461.65,477.5,477.1,10228014.0,48110.35
2016-05-06,461.0,464.05,459.0,461.95,461.45,4804806.0,22153.48
2016-05-05,463.0,467.3,458.45,461.35,461.05,8736141.0,40339.66
2016-05-04,466.0,470.0,460.25,464.95,462.45,8777977.0,40697.65
2016-05-03,473.9,475.0,466.3,470.5,470.55,8097969.0,38161.11
2016-05-02,474.35,479.0,468.45,472.1,471.8,9439328.0,44596.06
2016-04-29,466.75,477.45,465.05,471.0,472.4,10883473.0,51382.27
2016-04-28,463.0,471.85,461.55,466.15,468.05,16457436.0,76843.11
2016-04-27,461.3,473.5,458.05,464.25,465.5,29544825.0,138096.91
2016-04-26,470.1,484.9,463.65,477.8,480.2,12685893.0,60082.75
2016-04-25,474.0,477.35,465.0,472.2,469.9,7474910.0,35084.57
2016-04-22,465.6,478.5,462.1,474.8,475.85,7323373.0,34517.59
2016-04-21,463.8,472.75,463.0,465.85,467.95,11717618.0,54958.19
2016-04-20,446.1,460.65,444.35,458.85,459.1,10775664.0,48998.72
2016-04-18,444.95,446.05,437.4,445.3,445.25,6674315.0,29534.98
2016-04-13,440.05,445.3,438.1,439.5,440.5,9091282.0,40190.23
2016-04-12,430.5,436.45,429.4,434.6,434.05,5586212.0,24213.65
2016-04-11,423.9,431.9,417.5,430.1,429.8,6221772.0,26454.77
2016-04-08,426.7,427.35,420.05,422.65,421.6,6881318.0,29044.95
2016-04-07,427.75,431.8,424.9,426.05,426.65,5374072.0,23043.56
2016-04-06,433.3,436.3,423.1,427.0,424.65,7457831.0,31874.02
2016-04-05,443.4,449.5,431.0,431.3,432.6,12100258.0,53204.88
2016-04-04,451.5,451.55,442.1,445.2,444.75,5347581.0,23842.98
2016-04-01,440.9,452.0,440.05,449.6,449.9,8827751.0,39501.77
2016-03-31,443.7,449.0,438.2,445.5,444.15,12671936.0,56246.01
2016-03-30,433.3,445.7,432.1,444.0,444.25,9551121.0,41980.56
2016-03-29,423.9,432.9,422.4,429.0,429.45,6674980.0,28608.49
2016-03-28,437.85,438.6,419.8,425.5,422.9,9200929.0,39526.6
2016-03-23,439.25,441.25,435.1,437.85,437.5,5018310.0,21957.5
2016-03-22,447.0,447.6,434.3,440.8,441.25,8004834.0,35360.79
2016-03-21,439.0,445.5,437.9,444.55,444.5,8910574.0,39412.93
2016-03-18,429.95,437.6,429.1,436.85,436.1,6675930.0,28914.06
2016-03-17,430.0,435.0,425.5,426.65,428.15,11080947.0,47693.12
2016-03-16,419.0,426.35,411.0,425.9,424.6,8290044.0,34694.21
2016-03-15,417.5,421.75,416.1,418.8,418.85,8188560.0,34318.8
2016-03-14,417.6,422.25,413.1,416.5,415.45,6963673.0,29060.85
2016-03-11,413.85,421.95,408.25,412.9,412.8,8348484.0,34648.93
2016-03-10,417.5,420.0,410.6,412.55,413.0,5631550.0,23328.63
2016-03-09,409.0,418.2,407.5,416.5,416.85,8437253.0,35042.79
2016-03-08,415.6,423.05,408.8,411.3,411.75,6921273.0,28715.96
2016-03-04,418.15,418.15,409.25,417.5,416.05,8992492.0,37252.24
2016-03-03,411.35,419.0,407.1,415.9,417.15,14677533.0,60481.37
2016-03-02,400.0,411.8,400.0,407.0,407.25,15332044.0,62499.0
2016-03-01,380.1,393.2,380.1,392.0,392.0,12822550.0,49755.03
2016-02-29,387.0,391.65,374.0,376.8,375.75,82022905.0,312103.62
2016-02-26,385.0,390.3,382.15,386.4,386.35,9588881.0,37077.62
2016-02-25,386.1,387.8,377.45,380.0,378.2,9491615.0,36302.92
2016-02-24,385.0,391.0,377.25,388.0,386.65,11983475.0,46109.21
2016-02-23,397.9,397.9,383.25,384.9,385.15,9955791.0,38739.54
2016-02-22,395.0,398.75,391.05,396.35,397.15,10284642.0,40700.31
2016-02-19,395.6,396.9,390.0,392.2,392.5,12915275.0,50705.95
2016-02-18,410.2,412.1,391.6,397.2,398.05,12069460.0,48572.87
2016-02-17,406.9,406.9,394.75,403.95,403.1,10197761.0,40875.3
2016-02-16,420.8,422.5,405.0,405.0,405.8,12445006.0,51439.23
2016-02-15,395.65,420.0,395.65,414.0,417.65,13964589.0,57515.45
2016-02-12,389.4,395.95,379.1,390.35,391.1,28434501.0,110088.2
2016-02-11,392.9,396.75,373.3,376.35,377.2,8076824.0,31197.27
2016-02-10,397.9,398.0,385.35,395.8,393.6,10922352.0,42823.68
2016-02-09,401.0,405.9,396.0,398.85,399.9,6550274.0,26340.74
2016-02-08,401.0,417.95,401.0,406.4,408.55,11996680.0,49390.24
2016-02-05,384.7,405.0,384.25,402.85,399.55,11677917.0,46067.0
2016-02-04,385.75,386.6,373.35,385.8,382.75,11472602.0,43714.62
2016-02-03,387.0,390.0,379.15,380.0,380.55,10077279.0,38654.67
2016-02-02,399.0,404.45,388.6,391.1,390.9,12131028.0,48139.76
2016-02-01,410.0,410.35,394.5,399.2,399.3,10700914.0,42873.04
2016-01-29,396.0,409.8,393.25,409.6,408.4,13667701.0,55100.73
2016-01-28,416.0,416.9,402.4,408.3,405.65,9370465.0,38278.27
2016-01-27,424.1,426.5,411.6,415.0,415.4,8648945.0,36002.85
2016-01-25,429.75,429.75,415.2,419.15,420.85,10252421.0,42980.17
2016-01-22,419.4,427.65,414.6,425.0,424.15,15009103.0,63335.6
2016-01-21,400.0,412.45,397.7,409.0,409.15,28200956.0,114511.6
2016-01-20,385.6,393.4,374.65,392.0,387.6,15605644.0,59794.43
2016-01-19,376.0,396.0,376.0,396.0,393.0,14215698.0,55299.83
2016-01-18,372.25,383.35,366.75,374.1,373.2,14117119.0,53144.06
2016-01-15,392.45,395.85,369.0,372.85,374.25,13178892.0,50510.7
2016-01-14,394.8,402.0,388.75,389.8,390.6,11776737.0,46390.63
2016-01-13,410.0,411.45,392.45,405.2,406.7,15873927.0,63897.96
2016-01-12,419.8,420.65,401.0,406.75,406.1,13070476.0,53141.88
2016-01-11,410.0,423.4,407.4,418.85,417.2,10352347.0,43191.74
2016-01-08,413.5,418.75,410.0,416.1,413.7,11307470.0,46734.41
2016-01-07,425.0,425.15,407.0,409.0,409.25,13787371.0,57168.69
2016-01-06,439.3,439.3,430.0,430.55,430.7,5756267.0,25025.5
2016-01-05,439.9,439.9,433.6,435.6,436.45,5579449.0,24363.37
2016-01-04,448.9,448.9,436.15,436.15,438.4,5862854.0,25850.45
2016-01-01,449.75,452.9,445.55,449.7,449.9,3345654.0,15047.33
2015-12-31,456.0,456.0,448.2,449.75,449.1,6329611.0,28535.13
2015-12-30,458.0,460.0,453.6,455.5,455.1,3766369.0,17194.04
2015-12-29,455.4,459.9,451.2,459.0,458.35,5987050.0,27316.26
2015-12-28,450.0,456.6,448.4,456.0,455.35,5914945.0,26811.5
2015-12-24,452.8,455.25,448.45,450.7,450.75,3633255.0,16402.64
2015-12-23,450.0,452.7,448.2,452.4,452.0,4493436.0,20261.04
2015-12-22,442.9,450.65,441.6,446.25,446.7,8722574.0,38989.65
2015-12-21,432.55,443.2,432.15,442.1,442.35,5061836.0,22264.98
2015-12-18,434.3,440.8,431.1,432.0,432.55,10297545.0,44843.59
2015-12-17,442.0,443.65,431.45,435.5,435.55,11529678.0,50170.53
2015-12-16,437.0,441.9,434.0,438.15,438.15,8881531.0,38959.34
2015-12-15,432.0,436.9,429.65,434.25,436.1,11058615.0,47959.37
2015-12-14,432.0,441.45,429.5,431.25,431.35,10389129.0,45246.6
2015-12-11,449.95,450.8,436.55,439.35,440.65,15589823.0,68955.75
2015-12-10,452.0,454.6,445.1,450.65,449.95,10192522.0,45735.5
2015-12-09,457.05,461.1,448.0,451.8,450.6,8745990.0,39527.53
2015-12-08,460.0,462.95,457.5,459.1,458.8,7003729.0,32248.68
2015-12-07,462.95,465.55,460.3,461.15,462.3,6335649.0,29273.25
2015-12-04,459.9,462.8,456.1,462.05,460.5,7000002.0,32188.43
2015-12-03,460.0,465.35,458.65,462.8,462.5,8154164.0,37652.77
2015-12-02,462.25,463.4,457.25,458.8,459.5,7152991.0,32900.06
2015-12-01,471.0,471.35,458.15,461.6,461.6,11177827.0,51722.29
2015-11-30,469.25,474.4,468.1,468.65,469.15,8926273.0,42033.42
2015-11-27,467.0,475.4,466.1,471.1,471.0,10288912.0,48486.12
2015-11-26,465.1,468.55,464.5,466.5,465.3,26648537.0,124187.52
2015-11-24,462.85,466.95,462.7,463.55,463.85,5388027.0,25041.37
2015-11-23,461.0,464.25,458.7,462.4,462.7,7774882.0,35917.57
2015-11-20,462.95,465.35,458.25,460.2,459.85,11446890.0,52838.78
2015-11-19,468.0,468.0,460.1,463.0,463.05,8717250.0,40459.26
2015-11-18,474.7,476.7,462.2,463.0,463.55,6081331.0,28513.66
2015-11-17,484.75,485.0,473.05,475.4,475.6,5944197.0,28393.17
2015-11-16,484.0,485.0,477.0,480.7,481.45,6488927.0,31212.69
2015-11-13,475.4,487.2,472.3,484.5,484.95,10014779.0,48274.33
2015-11-11,474.5,482.4,473.0,481.7,480.35,3012461.0,14466.1
2015-11-10,463.0,473.5,462.25,468.25,468.35,7040567.0,33029.33
2015-11-09,453.0,467.0,445.9,465.25,464.95,9643857.0,44417.49
2015-11-06,462.0,467.5,459.5,464.15,465.15,9185858.0,42624.42
2015-11-05,472.0,472.0,462.0,463.5,463.8,8078032.0,37541.92
2015-11-04,480.0,480.1,470.6,471.7,472.5,6319148.0,29964.18
2015-11-03,481.0,483.5,473.35,473.95,474.65,9337442.0,44778.18
2015-11-02,477.8,479.85,473.1,476.8,478.25,10316509.0,49203.84
2015-10-30,472.0,478.4,465.0,475.5,475.4,16103533.0,76144.12
2015-10-29,485.0,486.4,467.05,467.85,468.95,22054683.0,104141.11
2015-10-28,495.7,495.7,476.55,484.25,482.9,33157058.0,161290.27
2015-10-27,517.25,528.5,515.65,517.6,521.8,13011580.0,67957.98
2015-10-26,528.85,532.7,519.2,521.25,521.05,8015119.0,42146.14
2015-10-23,515.25,527.5,515.25,527.0,525.65,11628906.0,60567.61
2015-10-21,509.3,514.75,505.0,511.5,511.75,6245542.0,31838.99
2015-10-20,504.6,513.3,504.6,509.5,509.4,5729459.0,29201.12
2015-10-19,502.0,508.8,501.15,507.0,506.65,4242869.0,21459.98
2015-10-16,494.5,507.5,491.4,505.0,504.65,5875167.0,29373.16
2015-10-15,497.0,502.0,495.55,499.7,498.7,5251039.0,26226.52
2015-10-14,489.7,496.8,488.05,496.0,495.5,5645540.0,27913.86
2015-10-13,487.0,492.1,485.0,490.65,490.9,7268043.0,35571.81
2015-10-12,497.8,497.8,485.1,487.2,487.05,5566595.0,27350.77
2015-10-09,495.0,499.25,486.75,489.6,490.45,10368020.0,51147.36
2015-10-08,500.0,500.45,484.2,492.15,491.5,9941551.0,48749.96
2015-10-07,503.25,509.8,495.0,498.4,496.8,11251639.0,56468.96
2015-10-06,517.35,518.55,505.0,506.65,506.4,8226452.0,42080.94
2015-10-05,504.5,514.9,501.55,513.3,513.25,9558125.0,48660.47
2015-10-01,500.0,503.45,490.9,495.3,496.25,8137042.0,40412.19
2015-09-30,508.8,510.0,491.5,497.8,495.65,12199436.0,60730.72
2015-09-29,499.9,513.5,485.0,503.65,504.5,19935063.0,100197.75
2015-09-28,514.5,522.0,505.0,507.6,506.7,6526803.0,33594.78
2015-09-24,510.0,518.2,506.2,513.8,513.95,6911468.0,35424.25
2015-09-23,498.75,514.85,497.1,513.35,511.7,7602683.0,38543.3
2015-09-22,531.0,534.7,505.2,506.5,509.7,7358434.0,38326.77
2015-09-21,510.55,530.0,508.75,529.8,528.0,7516002.0,39205.51
2015-09-18,500.0,520.4,500.0,519.6,517.45,18814281.0,97040.86
2015-09-16,487.45,497.0,486.0,494.55,494.25,7293528.0,35903.35
2015-09-15,497.1,498.5,480.85,481.9,482.75,9567400.0,46722.78
2015-09-14,480.0,498.0,479.25,495.95,496.2,5537347.0,27214.2
2015-09-11,488.0,493.7,474.6,480.8,481.25,7212180.0,34926.21
2015-09-10,477.8,487.0,472.1,486.1,482.6,8384392.0,40216.76
2015-09-09,484.2,495.0,475.1,485.2,486.25,11672474.0,56710.61
2015-09-08,452.25,475.6,450.0,474.5,473.9,12602488.0,58418.06
2015-09-07,469.65,472.2,446.75,451.5,449.85,9743637.0,44751.42
2015-09-04,483.1,483.4,462.5,468.4,468.0,8969600.0,42033.45
2015-09-03,471.0,489.5,468.75,485.95,486.9,8651466.0,41536.87
2015-09-02,483.05,488.0,464.6,468.8,466.6,11537443.0,54389.42
2015-09-01,500.0,501.0,477.15,481.0,480.1,8843551.0,43099.51
2015-08-31,506.7,517.9,502.0,507.9,507.75,6111825.0,31204.62
2015-08-28,516.0,528.9,502.25,509.6,508.15,10015309.0,51852.83
2015-08-27,505.7,512.0,496.45,510.95,509.25,11302689.0,57085.22
2015-08-26,499.5,501.9,488.65,496.0,495.6,6910566.0,34307.31
2015-08-25,489.0,506.25,483.5,505.8,502.95,14248966.0,70402.67
2015-08-24,506.7,506.7,475.1,478.9,482.05,17627734.0,86727.93
2015-08-21,527.0,528.9,514.3,524.25,525.3,10454764.0,54683.57
2015-08-20,550.0,553.0,529.5,535.4,533.4,8909772.0,48090.97
2015-08-19,560.9,561.75,552.8,556.0,554.0,4135059.0,23017.46
2015-08-18,567.0,567.25,555.5,562.35,561.35,2952439.0,16572.74
2015-08-17,569.75,571.75,560.05,561.0,561.4,4466163.0,25151.67
2015-08-14,565.15,574.25,554.85,571.75,570.0,7528941.0,42474.82
2015-08-13,563.5,571.45,560.0,570.7,567.55,5982710.0,33882.31
2015-08-12,569.4,569.8,556.0,559.25,557.85,4787034.0,26917.43
2015-08-11,577.7,580.85,566.35,572.1,571.25,3168648.0,18216.83
2015-08-10,582.75,584.7,570.75,571.0,575.9,2402572.0,13957.91
2015-08-07,584.9,584.9,576.0,581.4,580.3,2298504.0,13338.77
2015-08-06,580.0,586.5,578.95,584.45,584.75,3125993.0,18230.78
2015-08-05,582.0,589.5,576.5,580.55,580.4,3419273.0,19916.84
2015-08-04,578.9,584.45,571.65,580.3,580.1,5903968.0,34122.37
2015-08-03,576.0,582.7,573.4,575.0,576.7,4355574.0,25203.88
2015-07-31,567.7,579.3,567.0,574.9,573.5,6283549.0,36060.84
2015-07-30,571.4,575.75,563.1,567.8,565.7,6484751.0,36976.09
2015-07-29,563.3,568.15,562.0,565.75,567.2,4635380.0,26232.25
2015-07-28,558.6,564.0,550.45,560.9,561.25,8129213.0,45315.69
2015-07-27,577.5,579.45,553.75,555.95,555.8,9829067.0,55353.59
2015-07-24,587.65,593.75,575.1,581.2,580.45,13673495.0,79921.26
2015-07-23,590.0,598.55,581.4,582.8,583.75,5569255.0,32797.44
2015-07-22,582.85,593.5,579.0,589.5,589.85,5900119.0,34677.24
2015-07-21,596.6,601.0,582.75,584.8,584.65,4375934.0,25928.93
2015-07-20,600.0,603.4,590.3,599.85,599.9,4688323.0,27956.72
2015-07-17,604.5,609.9,598.5,601.0,602.1,5847889.0,35350.44
2015-07-16,587.4,613.45,587.0,608.3,608.65,14142842.0,85493.38
2015-07-15,584.55,589.45,581.5,584.55,584.0,3307716.0,19386.83
2015-07-14,582.6,587.65,578.9,582.7,583.9,4566647.0,26656.36
2015-07-13,578.1,583.45,570.15,582.3,581.95,5161182.0,29880.95
2015-07-10,574.2,583.0,570.8,575.35,578.1,6853759.0,39443.95
2015-07-09,575.85,577.4,566.4,572.65,571.7,3602432.0,20610.69
2015-07-08,578.0,585.0,574.9,576.1,576.65,6414143.0,37179.45
2015-07-07,585.3,590.75,581.35,586.7,586.2,4969526.0,29165.59
2015-07-06,575.5,585.8,573.5,585.4,584.2,4973984.0,28889.69
2015-07-03,581.85,588.5,581.0,586.9,585.95,4422432.0,25870.01
2015-07-02,580.1,586.65,576.1,583.5,584.0,9886455.0,57524.25
2015-07-01,558.8,580.5,556.85,579.65,578.65,7663185.0,43592.06
2015-06-30,561.05,566.0,553.0,558.0,558.95,5479844.0,30574.89
2015-06-29,554.0,567.3,546.0,565.95,562.7,5390158.0,30009.13
2015-06-26,568.1,569.7,560.0,565.8,565.5,4432487.0,25047.0
2015-06-25,568.1,577.9,567.05,570.0,570.05,5953158.0,33984.64
2015-06-24,572.0,577.4,567.2,569.25,571.5,5427984.0,31120.57
2015-06-23,575.6,579.5,566.3,571.0,571.3,6608481.0,37882.52
2015-06-22,556.55,575.9,556.55,572.0,572.15,7325101.0,41692.6
2015-06-19,554.0,555.4,548.25,554.05,551.55,6783585.0,37408.4
2015-06-18,551.7,554.8,547.4,551.0,550.05,5579425.0,30754.82
2015-06-17,553.1,557.4,547.6,549.15,549.25,4522392.0,24942.66
2015-06-16,550.0,553.95,540.05,553.9,551.15,6283177.0,34357.63
2015-06-15,553.9,555.0,545.35,550.0,550.05,5896234.0,32414.61
2015-06-12,547.0,552.5,540.8,551.9,551.45,5518696.0,30207.58
2015-06-11,567.9,570.2,545.05,546.0,546.75,7608358.0,42350.15
2015-06-10,558.9,567.7,558.85,564.5,564.5,7919473.0,44660.08
2015-06-09,552.05,564.0,550.45,557.1,558.7,5252618.0,29366.29
2015-06-08,547.0,557.5,544.0,552.75,553.6,6286247.0,34711.96
2015-06-05,556.0,557.25,546.05,546.6,548.4,7028734.0,38809.04
2015-06-04,560.0,560.0,546.0,556.25,556.4,7432416.0,41248.16
2015-06-03,553.25,554.0,538.55,552.1,550.9,5114150.0,27903.19
2015-06-02,582.0,582.4,548.4,552.75,553.1,6978299.0,39444.32
2015-06-01,586.9,588.9,577.1,578.6,578.45,3142413.0,18288.82
2015-05-29,575.5,587.3,574.7,585.3,585.4,3421723.0,19907.52
2015-05-28,578.95,585.8,570.4,576.4,574.65,8272414.0,47717.49
2015-05-27,562.0,579.5,561.25,577.1,577.8,4120709.0,23660.26
2015-05-26,563.0,566.8,558.2,566.0,564.25,2475418.0,13944.89
2015-05-25,568.1,569.75,560.2,561.95,562.1,3426379.0,19370.16
2015-05-22,571.3,576.65,563.75,567.0,568.65,4265332.0,24446.48
2015-05-21,560.0,572.0,560.0,569.55,570.45,6157883.0,34904.67
2015-05-20,562.75,566.85,556.5,558.3,558.25,4763209.0,26745.2
2015-05-19,566.0,570.9,558.6,560.45,561.45,6047850.0,34208.26
2015-05-18,563.3,569.85,558.65,568.0,567.5,3944770.0,22254.97
2015-05-15,558.5,567.3,557.0,561.6,562.05,5825462.0,32835.56
2015-05-14,557.4,558.8,547.5,555.3,555.85,4929250.0,27350.05
2015-05-13,538.0,564.2,535.2,558.85,558.5,7971625.0,43940.8
2015-05-12,553.0,553.9,529.9,531.1,532.35,4943428.0,26609.51
2015-05-11,545.5,552.0,543.1,550.4,551.1,6700085.0,36811.02
2015-05-08,535.75,548.0,533.5,539.8,540.8,10010992.0,54040.47
2015-05-07,539.65,544.8,523.3,526.1,527.35,5848608.0,31252.26
2015-05-06,564.05,565.9,541.2,543.0,543.3,7698992.0,42245.41
2015-05-05,569.0,574.25,562.5,564.6,565.85,5385676.0,30582.67
2015-05-04,571.4,576.0,562.8,568.0,568.35,4309985.0,24523.31
2015-04-30,563.3,582.4,559.0,570.0,567.8,15658642.0,89488.71
2015-04-29,535.9,559.9,535.25,558.55,551.95,9301407.0,51036.97
2015-04-28,523.9,539.45,519.1,533.15,535.0,6322607.0,33684.68
2015-04-27,529.4,540.75,522.35,524.0,524.2,7839080.0,41525.71
2015-04-24,538.0,538.25,519.9,524.15,527.25,6533254.0,34371.26
2015-04-23,543.25,548.7,535.55,537.1,538.2,5464184.0,29584.77
2015-04-22,526.95,545.0,520.3,541.95,540.1,6947536.0,36891.38
2015-04-21,518.25,532.7,516.55,523.2,523.2,7204472.0,37924.3
2015-04-20,534.1,538.25,507.0,521.2,518.25,7836613.0,41218.17
2015-04-17,550.0,550.35,531.8,534.3,533.7,6618167.0,35760.89
2015-04-16,552.0,556.4,543.05,549.7,550.8,7288785.0,40085.36
2015-04-15,566.9,573.5,541.35,549.7,550.2,8869483.0,49964.19
2015-04-13,570.0,571.65,562.0,565.35,566.0,4596222.0,26079.47
2015-04-10,573.4,574.8,565.4,566.5,568.05,4938698.0,28157.02
2015-04-09,560.0,577.0,555.1,571.6,572.15,9653162.0,54843.52
2015-04-08,561.8,564.0,551.1,556.0,555.9,5750765.0,31974.38
2015-04-07,571.0,573.0,555.0,559.05,557.85,6754389.0,37944.98
2015-04-06,571.95,571.95,562.1,568.0,569.05,4305263.0,24470.15
2015-04-01,557.7,572.0,555.25,569.8,569.65,3753262.0,21190.92
2015-03-31,567.9,573.5,557.25,558.0,560.2,5970862.0,33738.7
2015-03-30,552.5,565.45,549.35,565.45,563.55,6631597.0,36867.73
2015-03-27,548.0,551.25,526.1,546.95,546.4,10655577.0,57537.61
2015-03-26,560.0,561.45,537.5,545.5,544.3,9233047.0,50835.57
2015-03-25,559.85,567.15,553.9,561.55,562.2,5578540.0,31315.75
2015-03-24,553.95,566.0,551.25,557.15,558.05,6309451.0,35182.02
2015-03-23,559.9,562.0,552.65,552.8,555.2,4191424.0,23370.08
2015-03-20,563.0,564.0,551.7,560.1,556.25,8160665.0,45513.72
2015-03-19,588.0,595.55,558.5,559.7,563.55,7705218.0,44647.29
2015-03-18,584.25,585.8,575.75,579.0,581.25,5847672.0,33962.56
2015-03-17,574.9,585.8,567.05,582.95,580.1,5627580.0,32363.59
2015-03-16,569.5,573.8,559.1,570.9,568.6,6445254.0,36593.82
2015-03-13,589.5,590.95,564.1,571.5,570.0,6749149.0,38668.77
2015-03-12,587.5,593.5,582.7,583.6,584.1,4512080.0,26492.6
2015-03-11,585.25,592.7,580.0,583.55,583.85,5816344.0,34082.3
2015-03-10,591.9,594.8,580.0,587.0,585.45,5791801.0,34042.73
2015-03-09,610.0,610.0,589.15,590.0,591.6,6043383.0,36077.14
2015-03-05,613.0,622.0,603.5,616.8,616.8,6914112.0,42419.57
2015-03-04,650.9,654.9,608.15,610.0,612.75,10097232.0,63630.8
2015-03-03,649.0,649.0,628.55,632.6,631.4,6817671.0,43216.72
2015-03-02,630.0,650.0,628.7,650.0,647.55,13205219.0,84284.62
2015-02-28,574.0,618.9,562.8,618.1,612.6,16352608.0,96901.87
2015-02-27,555.6,570.35,550.35,569.05,567.15,5791546.0,32482.11
2015-02-26,552.65,557.65,543.8,553.0,552.3,5579001.0,30696.03
2015-02-25,554.2,558.6,550.1,551.0,553.0,4185156.0,23210.11
2015-02-24,549.9,555.7,542.0,551.5,551.8,6155111.0,33815.83
2015-02-23,563.5,567.0,546.05,548.25,549.05,6089272.0,33838.97
2015-02-20,566.45,570.8,554.0,560.75,561.5,6025707.0,33939.83
2015-02-19,574.0,575.6,553.25,566.2,565.25,5349212.0,30091.8
2015-02-18,572.0,574.0,564.0,570.4,569.5,4695905.0,26753.19
2015-02-16,583.0,584.0,566.1,570.5,570.3,4284303.0,24616.68
2015-02-13,582.15,588.75,576.5,578.8,581.1,4633409.0,27023.9
2015-02-12,573.0,581.5,564.0,581.5,578.75,5849894.0,33430.26
2015-02-11,559.35,572.65,555.5,569.5,569.25,6200994.0,35111.01
2015-02-10,546.9,569.8,540.5,556.3,554.1,9809275.0,54634.01
2015-02-09,555.0,569.6,550.0,550.8,553.6,4334546.0,24315.34
2015-02-06,568.0,571.5,545.75,564.35,563.15,7706020.0,43141.0
2015-02-05,562.4,578.5,558.6,568.0,565.9,6865785.0,39185.12
2015-02-04,591.0,592.0,553.25,560.5,558.6,10773056.0,60705.39
2015-02-03,623.0,625.6,584.5,585.65,586.6,9290016.0,55787.1
2015-02-02,586.0,621.0,584.4,620.9,617.3,6307718.0,38221.0
2015-01-30,602.75,604.05,583.7,587.75,588.1,4497194.0,26687.31
2015-01-29,588.95,602.0,582.1,599.75,599.5,5424486.0,32178.82
2015-01-28,590.0,599.8,583.45,589.8,590.6,6370073.0,37620.47
2015-01-27,570.9,597.8,567.0,593.25,592.1,5376830.0,31321.45
2015-01-23,571.0,577.4,560.3,566.0,565.15,4975114.0,28229.43
2015-01-22,549.7,567.15,547.8,567.0,564.75,5546866.0,30981.09
2015-01-21,553.0,556.8,545.55,546.4,547.25,4459351.0,24544.69
2015-01-20,532.55,554.7,531.1,552.15,551.4,6934581.0,37684.48
2015-01-19,519.45,531.8,516.85,529.7,528.95,6113156.0,32203.42
2015-01-16,516.6,521.5,512.6,514.3,514.8,6920742.0,35810.12
2015-01-15,523.45,523.95,511.1,512.95,514.05,6670800.0,34438.49
2015-01-14,504.5,505.75,494.2,500.0,499.6,2973231.0,14850.14
2015-01-13,504.0,511.7,500.3,503.8,504.5,4069260.0,20624.63
2015-01-12,495.0,503.8,492.15,501.55,501.55,2290147.0,11451.09
2015-01-09,504.9,505.9,487.0,493.95,494.95,5078463.0,25194.67
2015-01-08,506.0,507.0,494.65,499.35,501.95,5637844.0,28242.44
2015-01-07,498.8,505.35,494.5,501.0,498.65,4245189.0,21212.71
2015-01-06,513.55,513.55,496.75,498.5,499.05,5284530.0,26584.93
2015-01-05,516.9,520.4,515.1,516.5,517.55,2561430.0,13262.09
2015-01-02,503.2,516.9,501.7,514.55,514.3,3852825.0,19738.87
2015-01-01,502.65,504.0,499.05,503.0,503.05,1351985.0,6779.9
2014-12-31,500.05,505.0,499.0,501.8,502.4,2356002.0,11852.21
2014-12-30,495.05,499.95,490.0,499.0,498.8,1996949.0,9899.97
2014-12-29,495.0,499.6,491.2,493.5,494.1,2230958.0,11033.24
2014-12-26,495.75,500.0,488.0,493.9,494.45,2133879.0,10562.49
2014-12-24,494.0,497.7,491.2,496.0,494.3,3181539.0,15715.03
2014-12-23,501.0,506.0,492.55,493.0,493.8,3753789.0,18775.97
2014-12-22,491.4,500.75,486.5,500.6,498.3,2813921.0,13858.97
2014-12-19,496.9,496.9,488.3,489.5,490.25,3189647.0,15690.29
2014-12-18,483.0,490.0,480.0,490.0,487.95,3782348.0,18331.29
2014-12-17,468.35,480.5,464.2,474.6,474.85,5852857.0,27758.44
2014-12-16,475.0,476.5,465.25,471.9,472.0,5702983.0,26867.89
2014-12-15,480.0,487.4,475.3,477.5,476.75,2929634.0,14092.55
2014-12-12,491.2,493.55,481.55,482.55,483.4,2915819.0,14205.7
2014-12-11,488.8,494.7,480.1,490.5,490.5,3583840.0,17469.81
2014-12-10,488.55,496.15,486.5,489.25,489.25,3317262.0,16305.47
2014-12-09,495.95,496.0,487.0,491.0,488.8,2722580.0,13360.67
2014-12-08,499.95,503.0,495.5,496.05,496.6,2150646.0,10724.92
2014-12-05,502.0,506.4,496.5,496.5,498.55,2798293.0,14039.43
2014-12-04,501.4,502.7,491.2,499.55,499.95,2709507.0,13457.95
2014-12-03,494.0,500.7,490.65,498.15,499.05,3424250.0,17046.32
2014-12-02,489.0,494.8,484.5,492.45,493.0,4191689.0,20514.72
2014-12-01,484.4,493.2,481.15,489.6,489.15,4634567.0,22674.75
2014-11-28,471.8,485.8,471.05,482.95,481.2,5227699.0,25198.77
2014-11-27,470.25,472.5,462.65,468.0,469.4,7283496.0,34081.29
2014-11-26,470.9,473.75,464.0,470.6,470.3,3726653.0,17467.78
2014-11-25,479.0,479.9,466.65,470.0,470.75,3474162.0,16372.89
2014-11-24,479.0,482.55,475.3,478.45,478.15,3562884.0,17070.98
2014-11-21,467.5,482.5,466.1,476.2,476.95,4741296.0,22644.55
2014-11-20,471.0,471.7,462.9,467.5,466.65,2510781.0,11687.19
2014-11-19,475.9,475.9,467.0,471.0,470.2,2667750.0,12550.4
2014-11-18,475.85,479.9,471.2,472.8,474.0,2773087.0,13180.0
2014-11-17,477.9,477.9,471.0,474.3,475.9,2141989.0,10163.55
2014-11-14,475.0,479.75,470.55,476.0,476.9,2753729.0,13143.34
2014-11-13,483.95,485.9,470.05,473.95,473.6,5237971.0,24960.32
2014-11-12,469.0,482.7,466.35,481.6,481.15,5416022.0,25801.39
2014-11-11,461.0,468.7,461.0,468.3,466.7,3472821.0,16168.44
2014-11-10,471.0,475.4,458.65,460.1,460.5,4280640.0,19870.07
2014-11-07,461.9,472.4,460.35,470.0,469.05,6220448.0,29069.38
2014-11-05,445.25,460.75,443.65,460.55,457.95,4713467.0,21417.68
2014-11-03,442.0,447.0,437.4,444.6,445.25,3817449.0,16928.35
2014-10-31,432.0,440.4,431.75,439.85,439.4,3941516.0,17236.55
2014-10-30,425.0,431.3,422.0,429.55,430.2,4258888.0,18216.71
2014-10-29,426.95,429.0,422.5,426.0,425.55,1931522.0,8213.7
2014-10-28,427.2,430.6,422.6,424.35,424.2,1995946.0,8502.29
2014-10-27,424.6,428.95,420.35,426.05,426.8,2876993.0,12249.07
2014-10-23,427.0,427.0,423.0,423.3,423.75,629020.0,2669.68
2014-10-22,427.0,427.9,419.75,424.6,424.45,2526798.0,10711.14
2014-10-21,419.0,424.8,418.0,423.55,423.05,3970498.0,16778.14
2014-10-20,413.85,419.4,410.0,417.15,417.85,6484171.0,26961.55
2014-10-17,395.9,405.0,394.55,402.55,401.6,4816107.0,19273.48
2014-10-16,395.0,402.45,390.25,392.05,393.65,4382823.0,17440.56
2014-10-14,389.2,400.7,387.55,397.75,397.1,4935617.0,19499.32
2014-10-13,375.95,389.0,373.0,386.1,386.9,2666892.0,10232.47
2014-10-10,384.0,384.25,377.55,379.4,379.2,2560762.0,9752.93
2014-10-09,381.0,389.8,381.0,386.4,387.4,3069354.0,11850.77
2014-10-08,372.75,380.25,372.35,379.0,379.0,3182969.0,11997.08
2014-10-07,377.5,384.95,372.3,373.0,373.6,3348273.0,12693.18
2014-10-01,375.6,381.5,374.0,379.2,379.95,3024329.0,11448.82
2014-09-30,385.0,385.65,376.45,378.7,377.7,4660370.0,17752.25
2014-09-29,391.7,391.7,384.5,385.3,386.05,3209235.0,12424.35
2014-09-26,375.0,391.8,370.25,390.9,389.55,6000406.0,23044.61
2014-09-25,394.5,395.35,375.25,380.4,377.85,6647739.0,25408.02
2014-09-24,399.0,400.9,393.15,396.35,397.0,3007551.0,11934.39
2014-09-23,407.0,409.65,398.1,399.55,399.1,2235528.0,9001.17
2014-09-22,403.8,412.0,402.05,408.0,408.2,2407552.0,9818.9
2014-09-19,407.7,410.9,398.2,410.0,407.65,4701389.0,18979.97
2014-09-18,395.6,406.4,393.8,405.3,405.3,3458236.0,13910.53
2014-09-17,401.0,402.7,395.65,397.2,397.95,2328500.0,9293.07
2014-09-16,411.0,414.0,397.35,397.9,399.15,3811175.0,15349.07
2014-09-15,414.9,414.9,409.7,410.85,411.65,1665845.0,6867.01
2014-09-12,418.0,419.75,414.15,416.45,416.95,2314502.0,9653.37
2014-09-11,418.4,423.8,416.15,418.7,418.5,2920679.0,12253.94
2014-09-10,419.0,419.0,414.55,417.95,416.5,1554785.0,6471.3
2014-09-09,420.7,422.0,415.75,418.6,418.7,2014481.0,8430.54
2014-09-08,417.65,423.45,414.75,419.7,420.75,2644489.0,11074.6
2014-09-05,416.0,419.25,413.7,415.75,415.95,3236260.0,13472.89
2014-09-04,411.4,417.35,409.0,416.5,416.4,3577070.0,14774.23
2014-09-03,411.0,414.9,408.1,413.7,413.7,3913893.0,16132.32
2014-09-02,407.0,411.8,406.3,409.0,409.25,3827990.0,15660.49
2014-09-01,398.95,406.9,397.5,406.0,405.4,3827810.0,15421.44
2014-08-28,399.5,401.9,392.15,397.15,397.25,3524112.0,13978.66
2014-08-27,399.05,402.55,396.65,399.9,398.75,2117053.0,8464.84
2014-08-26,391.0,400.25,390.0,398.2,397.6,2960035.0,11710.84
2014-08-25,402.5,407.35,397.7,399.95,398.75,3188868.0,12863.91
2014-08-22,400.0,405.0,400.0,403.0,402.8,3805460.0,15338.57
2014-08-21,394.8,402.15,393.1,398.2,398.65,4041960.0,16132.0
2014-08-20,398.4,398.9,392.35,393.75,394.2,2593423.0,10227.74
2014-08-19,397.3,401.9,395.25,397.4,397.85,4398164.0,17548.49
2014-08-18,377.8,396.5,375.85,395.85,394.7,5628495.0,21845.45
2014-08-14,373.5,379.45,371.0,377.9,377.8,2695108.0,10143.84
2014-08-13,378.15,380.65,372.0,372.3,373.9,2422893.0,9109.97
2014-08-12,377.0,383.15,374.55,382.0,381.85,2849902.0,10792.21
2014-08-11,374.0,377.9,372.6,376.65,376.75,2245416.0,8434.9
2014-08-08,375.0,377.3,369.05,371.6,371.0,4082447.0,15194.37
2014-08-07,380.05,386.55,380.05,381.15,381.1,3629281.0,13897.4
2014-08-06,392.0,392.05,382.2,383.7,383.2,3328178.0,12864.73
2014-08-05,392.5,395.5,386.85,392.45,392.95,4565734.0,17876.01
2014-08-04,391.7,394.25,387.2,391.2,390.85,3189855.0,12485.47
2014-08-01,388.0,397.0,384.9,387.5,387.0,4556225.0,17778.83
2014-07-31,402.0,403.35,390.05,391.9,391.65,5899359.0,23356.46
2014-07-30,399.9,403.7,392.15,401.5,401.7,3945078.0,15702.56
2014-07-28,403.45,407.35,393.6,396.2,395.35,5838272.0,23426.12
2014-07-25,1999.0,2009.0,1971.35,1986.75,1985.75,855596.0,17014.25
2014-07-24,2000.0,2010.9,1982.5,1998.3,1996.7,965779.0,19262.91
2014-07-23,2018.8,2043.05,1984.0,2002.25,2000.05,1739747.0,34936.99
2014-07-22,2034.4,2035.65,2002.2,2022.55,2016.3,1104627.0,22316.21
2014-07-21,2014.0,2038.0,2002.6,2017.35,2023.35,1150188.0,23237.37
2014-07-18,1945.0,2009.85,1932.5,1998.95,1995.8,1300062.0,25678.43
2014-07-17,1970.0,1971.0,1946.2,1954.0,1954.2,722632.0,14142.05
2014-07-16,1932.4,1975.0,1906.05,1975.0,1963.8,1224032.0,23745.26
2014-07-15,1854.85,1903.45,1852.0,1899.6,1898.9,711517.0,13366.12
2014-07-14,1817.8,1860.85,1807.3,1845.2,1846.6,659397.0,12124.38
2014-07-11,1860.1,1875.2,1807.6,1823.0,1816.65,1021170.0,18831.22
2014-07-10,1875.1,1938.6,1825.05,1855.5,1862.05,1771452.0,33259.48
2014-07-09,1879.9,1911.9,1864.3,1880.0,1873.6,1190125.0,22391.22
2014-07-08,1923.8,1927.0,1852.0,1865.0,1888.25,906279.0,17278.9
2014-07-07,1937.5,1942.15,1915.05,1915.05,1923.0,635941.0,12263.63
2014-07-04,1925.0,1948.0,1917.2,1934.1,1935.9,865455.0,16731.43
2014-07-03,1937.0,1947.7,1912.9,1925.0,1925.7,923628.0,17841.46
2014-07-02,1940.0,1941.5,1923.25,1925.0,1926.85,759564.0,14667.34
2014-07-01,1928.0,1935.4,1916.4,1925.0,1920.05,827371.0,15933.28
2014-06-30,1932.0,1950.0,1911.0,1917.2,1918.85,977483.0,18870.51
2014-06-27,1928.45,1936.7,1900.2,1914.85,1909.2,901060.0,17271.35
2014-06-26,1915.25,1939.0,1907.7,1925.0,1927.6,1188827.0,22886.41
2014-06-25,1934.0,1934.0,1905.0,1912.75,1912.7,829983.0,15885.14
2014-06-24,1881.0,1930.0,1881.0,1927.95,1925.0,1080274.0,20694.11
2014-06-23,1862.0,1889.95,1855.05,1885.3,1882.95,1069662.0,20054.23
2014-06-20,1830.0,1883.7,1828.0,1865.05,1866.35,1167714.0,21789.43
2014-06-19,1852.1,1867.0,1826.3,1841.0,1841.8,1028349.0,18967.79
2014-06-18,1845.0,1875.9,1823.05,1846.35,1848.5,1938025.0,35916.67
2014-06-17,1770.0,1848.0,1760.55,1843.8,1839.6,1598198.0,28908.66
2014-06-16,1812.0,1822.0,1750.0,1771.9,1773.1,1370397.0,24349.44
2014-06-13,1899.0,1907.9,1810.7,1814.9,1818.0,1255370.0,23292.77
2014-06-12,1924.0,1928.0,1892.45,1904.75,1902.75,838530.0,16002.65
2014-06-11,1936.05,1968.5,1928.0,1933.1,1940.8,974072.0,18964.96
2014-06-10,1968.0,1969.35,1925.3,1939.0,1932.5,843749.0,16357.67
2014-06-09,1985.0,1989.6,1960.9,1966.0,1967.25,788492.0,15554.53
2014-06-06,1955.4,1983.5,1945.1,1974.0,1973.6,809562.0,15941.52
2014-06-05,1925.0,1950.0,1917.0,1947.6,1946.35,1084577.0,21006.78
2014-06-04,1892.0,1933.0,1881.1,1932.8,1924.7,821940.0,15719.86
2014-06-03,1909.9,1924.9,1888.0,1898.0,1899.65,1200037.0,22872.0
2014-06-02,1832.25,1907.0,1822.55,1901.35,1900.85,1190952.0,22391.72
2014-05-30,1869.0,1869.0,1824.0,1828.0,1836.15,778118.0,14332.27
2014-05-29,1859.0,1893.4,1850.5,1861.0,1865.7,2111082.0,39456.93
2014-05-28,1849.05,1875.0,1825.25,1870.3,1859.9,1190020.0,21988.35
2014-05-27,1859.1,1872.3,1830.05,1849.0,1849.05,933085.0,17217.49
2014-05-26,1877.0,1928.8,1848.0,1870.0,1872.95,1743052.0,33080.0
2014-05-23,1846.25,1873.45,1840.0,1869.0,1864.5,1170628.0,21705.36
2014-05-22,1829.0,1858.0,1805.1,1840.0,1841.65,889382.0,16351.15
2014-05-21,1858.0,1867.2,1810.05,1814.0,1815.15,1068753.0,19595.08
2014-05-20,1870.0,1892.8,1841.05,1850.0,1856.95,1241464.0,23181.47
2014-05-19,1777.0,1899.4,1777.0,1861.0,1859.6,2309376.0,42132.68
2014-05-16,1750.0,1849.05,1684.0,1759.75,1755.0,3855077.0,68365.3
2014-05-15,1640.0,1674.9,1639.05,1660.0,1664.05,1577798.0,26246.22
2014-05-14,1652.0,1670.0,1630.35,1632.0,1636.5,1342412.0,22081.94
2014-05-13,1675.0,1682.0,1640.0,1642.05,1648.75,1868632.0,31043.1
2014-05-12,1653.0,1691.75,1639.1,1644.0,1646.55,1955495.0,32638.28
2014-05-09,1555.9,1650.0,1547.75,1650.0,1629.0,2265473.0,36090.77
2014-05-08,1542.0,1559.4,1533.0,1555.0,1553.75,1297102.0,20102.4
2014-05-07,1533.7,1556.0,1516.7,1539.0,1537.7,1206946.0,18598.94
2014-05-06,1555.0,1563.25,1528.5,1531.8,1536.95,1067582.0,16546.35
2014-05-05,1535.95,1564.9,1521.5,1553.0,1551.55,1445455.0,22395.11
2014-05-02,1525.35,1538.7,1518.5,1530.15,1530.15,905612.0,13844.93
2014-04-30,1537.9,1548.5,1497.15,1520.1,1517.2,1334637.0,20426.58
2014-04-29,1536.0,1544.95,1507.7,1525.95,1528.4,1196919.0,18284.4
2014-04-28,1550.0,1554.8,1525.0,1535.0,1529.55,1773777.0,27278.01
2014-04-25,1522.0,1548.0,1501.15,1543.6,1532.7,2457432.0,37518.67
2014-04-23,1492.0,1533.85,1492.0,1518.3,1519.8,1633806.0,24845.24
2014-04-22,1506.0,1511.8,1488.1,1502.0,1500.1,994573.0,14918.95
2014-04-21,1470.0,1510.0,1469.0,1505.55,1503.8,1132035.0,16916.35
2014-04-17,1437.0,1472.65,1437.0,1468.75,1464.65,1263648.0,18428.13
2014-04-16,1447.0,1464.7,1427.0,1431.1,1431.95,834976.0,12083.69
2014-04-15,1494.0,1495.35,1434.3,1445.0,1445.2,938060.0,13768.62
2014-04-11,1485.0,1506.65,1480.0,1494.0,1495.75,1082389.0,16193.13
2014-04-10,1484.45,1517.6,1475.75,1492.35,1503.7,2073998.0,31171.71
2014-04-09,1428.5,1490.0,1421.15,1486.65,1483.95,1672182.0,24344.19
2014-04-07,1427.9,1439.55,1410.1,1418.0,1422.05,1078777.0,15339.16
2014-04-04,1430.0,1450.5,1418.0,1428.0,1428.15,1641960.0,23573.3
2014-04-03,1468.9,1468.9,1428.1,1432.5,1434.85,1114461.0,16096.97
2014-04-02,1458.0,1474.65,1437.4,1467.2,1467.15,1383806.0,20140.68
2014-04-01,1470.0,1478.9,1453.55,1469.4,1468.5,2221240.0,32548.71
2014-03-31,1471.0,1475.0,1450.1,1460.0,1460.5,2108678.0,30774.63
2014-03-28,1434.8,1469.9,1430.05,1466.0,1461.95,2091296.0,30382.43
2014-03-27,1430.0,1468.9,1416.0,1430.0,1429.95,4290428.0,61849.8
2014-03-26,1411.55,1437.6,1405.85,1425.45,1430.1,2771396.0,39387.82
2014-03-25,1411.4,1420.95,1396.15,1398.75,1400.9,1682522.0,23680.81
2014-03-24,1401.9,1425.0,1394.25,1409.3,1410.7,3118889.0,44068.8
2014-03-22,1393.1,1396.0,1378.9,1391.2,1389.2,346269.0,4808.02
2014-03-21,1335.0,1411.95,1322.1,1392.4,1394.25,12970884.0,177403.15
2014-03-20,1361.5,1383.4,1345.75,1355.45,1357.35,2582976.0,35279.35
2014-03-19,1358.0,1398.95,1351.35,1368.3,1385.55,4037831.0,55687.66
2014-03-18,1365.0,1383.0,1342.9,1344.4,1349.1,1894702.0,25852.46
2014-03-14,1371.0,1371.0,1331.0,1348.85,1354.9,2742319.0,36991.8
2014-03-13,1409.9,1425.0,1375.05,1384.85,1381.15,2106791.0,29582.45
2014-03-12,1417.5,1424.9,1392.05,1396.4,1397.9,2149409.0,30195.7
2014-03-11,1426.0,1453.0,1410.05,1424.5,1417.5,3966087.0,56802.03
2014-03-10,1392.0,1441.8,1392.0,1429.5,1426.55,3382373.0,48135.75
2014-03-07,1334.0,1423.65,1329.3,1409.05,1406.8,4716790.0,65748.1
2014-03-06,1307.9,1335.0,1307.0,1333.5,1329.5,1988376.0,26291.59
2014-03-05,1300.0,1314.2,1294.05,1300.5,1307.65,2642792.0,34473.17
2014-03-04,1255.0,1304.9,1255.0,1297.9,1293.55,2389455.0,30763.69
2014-03-03,1260.0,1285.7,1247.6,1253.6,1255.5,1931195.0,24422.63
2014-02-28,1240.5,1271.6,1238.1,1268.8,1267.05,1873251.0,23595.17
2014-02-26,1232.0,1247.0,1228.2,1238.95,1239.25,1876039.0,23220.8
2014-02-25,1241.0,1251.0,1225.15,1232.7,1236.75,1901309.0,23538.52
2014-02-24,1185.0,1244.9,1182.95,1236.5,1238.2,2562362.0,31381.7
2014-02-21,1160.0,1198.0,1160.0,1193.95,1193.35,1861962.0,22063.04
2014-02-20,1154.0,1171.9,1146.45,1156.0,1157.85,1954784.0,22622.1
2014-02-19,1164.5,1178.0,1158.0,1162.95,1166.15,1401475.0,16365.31
2014-02-18,1115.0,1176.5,1108.55,1163.0,1165.4,2136977.0,24585.5
2014-02-17,1111.0,1120.0,1105.0,1116.6,1115.25,788239.0,8772.18
2014-02-14,1109.0,1111.0,1082.6,1106.05,1103.05,1755687.0,19282.99
2014-02-13,1120.2,1124.8,1096.5,1098.0,1101.5,1179872.0,13133.99
2014-02-12,1130.0,1133.0,1114.35,1119.4,1119.6,1476819.0,16629.7
2014-02-11,1123.35,1131.8,1116.4,1121.0,1120.95,914443.0,10277.26
2014-02-10,1131.95,1139.4,1112.05,1120.0,1118.95,879377.0,9912.5
2014-02-07,1120.05,1129.4,1110.7,1126.0,1125.45,1252519.0,14023.52
2014-02-06,1125.1,1136.0,1098.55,1108.0,1102.95,2064960.0,22957.92
2014-02-05,1125.0,1130.0,1111.5,1121.0,1123.7,1461310.0,16389.59
2014-02-04,1106.75,1127.35,1101.0,1126.0,1121.8,1709081.0,19049.36
2014-02-03,1112.1,1133.9,1110.7,1124.0,1123.9,1386338.0,15591.3
2014-01-31,1113.2,1127.0,1110.35,1123.0,1122.95,1144558.0,12813.84
2014-01-30,1123.0,1128.7,1105.0,1112.65,1108.8,2295500.0,25603.94
2014-01-29,1130.3,1149.95,1121.2,1143.55,1140.25,2185105.0,24827.79
2014-01-28,1157.0,1179.0,1115.3,1119.5,1121.75,2530271.0,28866.98
2014-01-27,1176.0,1183.6,1155.0,1156.95,1161.1,2175910.0,25453.09
2014-01-24,1203.0,1228.8,1195.0,1201.0,1204.6,2812868.0,34073.96
2014-01-23,1183.25,1220.2,1181.35,1214.9,1216.0,3005432.0,36162.76
2014-01-22,1186.0,1202.4,1173.1,1183.0,1188.85,2367932.0,28140.98
2014-01-21,1164.9,1192.2,1158.5,1188.8,1188.55,2195982.0,25801.07
2014-01-20,1142.7,1168.0,1132.3,1160.55,1163.2,1975048.0,22731.28
2014-01-17,1178.0,1188.0,1145.0,1149.75,1152.95,3786564.0,43938.0
2014-01-16,1185.0,1197.5,1168.7,1173.75,1176.15,3795978.0,44903.81
2014-01-15,1185.0,1188.0,1166.4,1183.0,1178.3,2840552.0,33417.81
2014-01-14,1185.0,1193.55,1169.25,1176.9,1177.05,2420113.0,28549.27
2014-01-13,1165.0,1200.0,1165.0,1194.9,1184.9,1694072.0,19948.49
2014-01-10,1193.95,1196.55,1158.9,1166.0,1164.05,3975548.0,46582.9
2014-01-09,1205.0,1210.55,1176.2,1185.6,1184.85,5110747.0,60718.66
2014-01-08,1240.0,1245.0,1207.15,1208.1,1211.75,2780369.0,33884.9
2014-01-07,1257.5,1265.8,1215.5,1235.0,1234.25,3020062.0,37183.78
2014-01-06,1257.55,1262.0,1241.6,1257.0,1256.3,1836289.0,22988.79
2014-01-03,1258.0,1269.5,1245.6,1264.15,1260.9,2403748.0,30197.22
2014-01-02,1292.0,1325.0,1263.35,1264.95,1272.3,2594412.0,33765.83
2014-01-01,1301.5,1305.0,1288.2,1293.25,1292.2,569885.0,7373.56
2013-12-31,1291.95,1302.75,1276.4,1300.0,1299.55,1273081.0,16433.49
2013-12-30,1300.0,1306.0,1283.05,1286.5,1286.25,1412969.0,18264.75
2013-12-27,1310.0,1314.3,1290.3,1293.25,1294.5,1246436.0,16225.63
2013-12-26,1287.8,1319.0,1279.15,1300.0,1297.05,2694233.0,35017.6
2013-12-24,1296.0,1298.0,1278.5,1283.0,1282.95,1014069.0,13040.72
2013-12-23,1281.0,1304.5,1281.0,1290.0,1291.25,1164296.0,15080.96
2013-12-20,1250.0,1284.0,1249.75,1274.6,1277.85,1450476.0,18431.23
2013-12-19,1295.8,1299.0,1243.0,1256.0,1257.0,2244120.0,28275.25
2013-12-18,1250.1,1305.0,1248.0,1286.0,1282.85,2066127.0,26449.75
2013-12-17,1271.15,1280.3,1248.35,1249.1,1256.1,1363676.0,17258.34
2013-12-16,1232.05,1271.9,1229.7,1256.5,1261.4,1685364.0,21201.42
2013-12-13,1230.0,1249.0,1220.05,1239.5,1239.8,1595126.0,19679.18
2013-12-12,1266.0,1269.3,1244.2,1247.85,1247.7,1280700.0,16070.03
2013-12-11,1252.0,1283.8,1240.15,1282.0,1273.2,1830472.0,23075.91
2013-12-10,1303.0,1303.0,1249.55,1268.0,1264.85,1485500.0,18893.97
2013-12-09,1340.0,1342.6,1297.15,1300.15,1303.5,2101693.0,27574.67
2013-12-06,1238.6,1289.0,1232.25,1288.5,1279.75,2219251.0,27959.0
2013-12-05,1233.0,1249.95,1227.85,1238.1,1241.5,2081073.0,25772.46
2013-12-04,1186.05,1199.0,1181.2,1196.15,1191.05,1649749.0,19627.67
2013-12-03,1185.8,1200.0,1176.05,1197.9,1193.65,1779818.0,21155.37
2013-12-02,1159.8,1196.2,1158.0,1187.0,1190.75,1797075.0,21257.91
2013-11-29,1122.0,1159.9,1121.9,1158.0,1155.95,1842077.0,21126.41
2013-11-28,1135.6,1144.8,1113.5,1123.0,1120.25,2181926.0,24621.04
2013-11-27,1110.0,1130.75,1103.5,1127.9,1120.85,1709805.0,19052.27
2013-11-26,1119.0,1127.8,1109.25,1116.0,1116.1,1464931.0,16381.11
2013-11-25,1092.0,1125.0,1090.1,1116.5,1115.45,2145437.0,23884.71
2013-11-22,1100.0,1106.35,1077.4,1087.0,1082.25,2293015.0,25034.46
2013-11-21,1117.9,1118.0,1078.7,1094.0,1086.3,3234108.0,35378.16
2013-11-20,1124.0,1155.9,1120.0,1121.0,1131.45,2307244.0,26243.79
2013-11-19,1147.0,1149.8,1128.1,1134.0,1135.05,3037305.0,34600.43
2013-11-18,1119.5,1142.25,1116.35,1137.65,1139.85,2973859.0,33576.02
2013-11-14,1055.0,1102.45,1055.0,1093.05,1097.1,4437159.0,48230.06
2013-11-13,1033.0,1052.9,1010.55,1035.3,1030.6,7802443.0,80309.32
2013-11-12,1080.0,1092.4,1038.0,1040.75,1047.85,3377013.0,36203.3
2013-11-11,1105.0,1108.6,1072.8,1075.4,1077.15,3223254.0,35163.45
2013-11-08,1161.0,1163.6,1112.55,1116.0,1119.2,2727350.0,31016.48
2013-11-07,1216.1,1229.6,1166.0,1167.15,1171.3,2588848.0,31121.18
2013-11-06,1224.0,1239.8,1205.05,1213.85,1213.0,2382580.0,29089.52
2013-11-05,1205.0,1257.4,1196.0,1221.05,1227.0,3547680.0,43581.73
2013-11-03,1229.9,1231.0,1213.0,1214.9,1219.3,236741.0,2894.5
2013-11-01,1224.95,1239.65,1205.35,1216.8,1218.9,2851713.0,34886.36
2013-10-31,1221.0,1229.8,1203.0,1224.95,1222.7,3142317.0,38189.53
2013-10-30,1255.0,1260.0,1216.4,1221.55,1221.9,2716462.0,33638.42
2013-10-29,1186.0,1261.5,1176.35,1253.0,1250.4,4362341.0,53500.97
2013-10-28,1200.0,1218.9,1187.1,1195.0,1191.5,2962108.0,35594.6
2013-10-25,1202.2,1205.8,1180.8,1188.15,1190.75,1672162.0,19933.14
2013-10-24,1210.35,1224.7,1198.0,1207.8,1207.2,3027671.0,36722.53
2013-10-23,1204.0,1223.0,1183.2,1212.2,1210.1,3941925.0,47569.8
2013-10-22,1164.0,1209.95,1160.0,1200.0,1201.15,4570708.0,54490.92
2013-10-21,1160.1,1185.9,1159.15,1174.0,1175.85,2841185.0,33394.47
2013-10-18,1102.8,1161.0,1090.35,1157.15,1156.2,4569767.0,51701.96
2013-10-17,1081.0,1108.35,1067.2,1094.05,1096.35,6624269.0,72221.58
2013-10-15,1115.9,1126.0,1076.25,1081.0,1081.45,2712797.0,29782.44
2013-10-14,1095.0,1131.95,1092.2,1107.15,1109.1,3206026.0,35755.31
2013-10-11,1087.25,1103.9,1066.0,1101.05,1099.65,4297130.0,46575.22
2013-10-10,1077.0,1092.9,1056.0,1068.0,1066.25,4490167.0,47998.04
2013-10-09,1055.25,1084.8,1046.05,1074.6,1079.3,3424385.0,36560.08
2013-10-08,1115.0,1119.0,1058.0,1061.45,1066.8,3362920.0,36520.48
2013-10-07,1087.0,1088.9,1044.0,1071.0,1071.85,3920380.0,41585.84
2013-10-04,1094.0,1120.7,1080.1,1092.55,1092.55,2947744.0,32358.55
2013-10-03,1050.1,1123.0,1050.1,1102.8,1104.7,5661431.0,61745.26
2013-10-01,1017.9,1049.7,1012.95,1048.0,1044.1,2797085.0,28863.29
2013-09-30,1019.05,1019.85,995.15,1005.0,1007.85,3744196.0,37706.23
2013-09-27,1035.55,1048.5,1017.15,1028.5,1030.9,2679972.0,27647.57
2013-09-26,1035.0,1049.5,1019.45,1024.0,1031.35,3683826.0,38172.55
2013-09-25,1028.0,1042.0,1001.2,1038.75,1034.05,3485265.0,35619.03
2013-09-24,1020.0,1053.0,1013.1,1026.0,1025.55,3564895.0,36727.33
2013-09-23,1073.0,1084.9,1022.65,1030.0,1030.05,4650995.0,48715.56
2013-09-20,1162.0,1163.7,1052.1,1109.85,1102.35,6021509.0,66280.1
2013-09-19,1150.0,1172.8,1133.25,1143.5,1140.2,5437584.0,62882.31
2013-09-18,1060.5,1085.6,1047.7,1082.6,1079.6,2643707.0,28289.75
2013-09-17,1072.0,1078.95,1043.2,1052.7,1053.55,3705538.0,39077.12
2013-09-16,1089.0,1107.7,1051.95,1087.0,1087.55,4332115.0,46950.36
2013-09-13,1000.25,1073.0,1000.25,1062.85,1059.6,5967274.0,62566.98
2013-09-12,1039.85,1040.5,1004.1,1022.05,1019.95,6680748.0,68215.73
2013-09-11,984.0,1042.85,970.2,1029.3,1029.7,6201511.0,62277.93
2013-09-10,981.0,1025.7,977.0,988.2,998.3,8156706.0,81952.93
2013-09-06,932.6,962.95,910.55,962.2,952.4,9693023.0,90326.82
2013-09-05,881.65,934.95,853.65,929.0,927.5,14726518.0,131711.43
2013-09-04,782.8,817.0,763.4,800.95,801.5,5901052.0,46909.04
2013-09-03,868.0,874.25,771.35,772.25,782.85,5918003.0,48337.2
2013-09-02,845.7,873.5,834.65,868.05,864.3,4568669.0,39155.39
2013-08-30,848.1,891.1,818.65,839.35,832.95,17044016.0,144063.29
2013-08-29,860.0,867.5,816.0,851.0,850.75,6933374.0,58565.4
2013-08-28,851.35,854.0,784.0,831.0,837.95,10230689.0,84113.89
2013-08-27,919.95,919.95,871.0,871.25,877.65,3300090.0,29448.88
2013-08-26,990.0,994.35,929.35,931.0,934.1,3979027.0,37909.18
2013-08-23,978.5,990.85,953.25,980.35,981.5,3060736.0,29764.79
2013-08-22,968.15,1010.0,950.0,971.5,969.65,3137771.0,30557.34
2013-08-21,1038.0,1067.8,958.7,988.0,977.95,3494670.0,35341.69
2013-08-20,953.35,1007.25,943.0,972.4,981.3,3434676.0,33643.18
2013-08-19,1040.0,1040.0,978.05,982.7,988.0,2252434.0,22539.06
2013-08-16,1114.0,1114.0,1040.0,1042.05,1048.95,3241523.0,34481.69
2013-08-14,1147.55,1162.5,1121.5,1145.75,1149.6,2480549.0,28372.67
2013-08-13,1066.9,1159.0,1049.1,1153.6,1142.75,2845463.0,31612.67
2013-08-12,1093.0,1099.9,1051.15,1066.9,1070.45,1973373.0,21122.6
2013-08-08,1074.0,1089.8,1057.1,1084.0,1085.6,2184469.0,23481.33
2013-08-07,1088.1,1092.4,1055.8,1068.0,1068.75,3235222.0,34568.84
2013-08-06,1107.3,1110.0,1080.25,1088.0,1089.85,2611133.0,28477.6
2013-08-05,1110.0,1129.0,1073.65,1112.0,1124.35,2996624.0,33086.37
2013-08-02,1092.05,1112.5,1080.0,1097.95,1103.2,3136469.0,34481.4
2013-08-01,1044.0,1092.9,1025.1,1092.7,1085.8,5143545.0,54560.77
2013-07-31,1089.0,1089.0,1015.55,1025.45,1034.55,4999833.0,52027.23
2013-07-30,1100.1,1132.6,1087.0,1098.3,1093.0,2915429.0,32322.95
2013-07-29,1102.1,1120.85,1092.45,1099.0,1098.25,1718406.0,19008.13
2013-07-26,1141.9,1146.85,1094.35,1109.0,1107.5,2421796.0,27041.63
2013-07-25,1114.05,1144.8,1112.0,1129.95,1127.25,4295865.0,48577.21
2013-07-24,1172.85,1172.85,1120.0,1127.15,1125.15,2957729.0,33492.18
2013-07-23,1219.8,1219.8,1197.05,1199.4,1202.85,1090274.0,13191.61
2013-07-22,1194.0,1210.8,1178.45,1200.7,1200.1,1289256.0,15495.89
2013-07-19,1250.0,1253.0,1185.0,1190.15,1191.9,3728446.0,45263.81
2013-07-18,1206.75,1247.6,1158.1,1241.8,1238.2,5709681.0,68426.75
2013-07-17,1235.95,1236.0,1177.65,1193.0,1193.7,3588844.0,42940.0
2013-07-16,1270.0,1270.0,1226.05,1227.95,1230.85,1898626.0,23550.12
2013-07-15,1292.0,1314.95,1282.45,1309.0,1308.9,1089998.0,14202.24
2013-07-12,1296.0,1298.5,1271.0,1296.0,1291.55,1057439.0,13580.68
2013-07-11,1281.0,1299.9,1277.25,1285.15,1287.75,918658.0,11856.93
2013-07-10,1269.0,1281.5,1249.85,1254.0,1256.75,1068378.0,13534.59
2013-07-09,1265.0,1277.3,1260.0,1262.95,1264.35,922854.0,11692.43
2013-07-08,1279.0,1279.0,1246.0,1254.05,1252.55,2156047.0,27030.29
2013-07-05,1271.8,1301.4,1269.0,1284.65,1288.05,1157188.0,14896.67
2013-07-04,1282.1,1293.0,1259.1,1267.9,1264.95,1899430.0,24216.61
2013-07-03,1291.45,1302.05,1271.1,1282.95,1277.85,1273407.0,16344.76
2013-07-02,1342.1,1354.9,1304.65,1312.1,1308.5,1136605.0,15082.88
2013-07-01,1324.0,1353.9,1320.05,1351.0,1348.8,1064799.0,14243.04
2013-06-28,1292.0,1332.0,1287.5,1328.2,1325.2,1450191.0,18960.23
2013-06-27,1264.0,1285.0,1263.7,1273.5,1275.05,2313221.0,29474.03
2013-06-26,1236.1,1264.2,1236.1,1253.0,1248.4,2660504.0,33368.8
2013-06-25,1251.0,1254.0,1207.9,1230.6,1231.45,3422320.0,42243.22
2013-06-24,1249.3,1258.8,1234.35,1244.75,1243.05,1772954.0,22054.45
2013-06-21,1229.05,1269.45,1223.95,1256.5,1259.7,2313560.0,28889.34
2013-06-20,1264.0,1266.0,1232.0,1236.05,1239.8,1867986.0,23196.24
2013-06-19,1286.95,1289.5,1267.0,1286.0,1285.05,1526759.0,19549.41
2013-06-18,1311.75,1314.7,1284.0,1286.35,1286.6,1443006.0,18718.61
2013-06-17,1302.1,1321.05,1269.05,1318.8,1316.05,1829771.0,23786.74
2013-06-14,1284.2,1310.4,1281.8,1298.0,1298.0,1829058.0,23782.51
2013-06-13,1270.0,1292.2,1257.4,1263.65,1270.65,1855729.0,23767.32
2013-06-12,1312.0,1314.0,1266.55,1279.3,1274.45,3351339.0,43152.78
2013-06-11,1345.0,1345.0,1312.85,1316.3,1322.7,2141850.0,28447.2
2013-06-10,1386.0,1389.35,1348.2,1356.0,1355.25,1420349.0,19431.23
2013-06-07,1414.0,1421.95,1369.1,1372.0,1378.25,3391798.0,47370.52
2013-06-06,1379.0,1427.8,1368.25,1419.0,1418.1,1443651.0,20265.16
2013-06-05,1390.0,1399.4,1362.1,1383.0,1382.25,2105036.0,29056.52
2013-06-04,1430.0,1444.0,1387.0,1395.0,1395.45,1296263.0,18348.07
2013-06-03,1424.0,1438.0,1410.0,1430.0,1430.85,1127820.0,16065.61
2013-05-31,1425.0,1438.65,1411.0,1431.0,1430.55,1387998.0,19800.19
2013-05-30,1449.3,1464.4,1418.15,1428.0,1432.7,3945835.0,56729.55
2013-05-29,1469.0,1469.0,1443.5,1457.55,1459.6,996802.0,14503.67
2013-05-28,1475.5,1483.7,1458.05,1468.35,1468.5,1267727.0,18641.94
2013-05-27,1460.0,1488.0,1445.0,1471.7,1478.15,1015964.0,14904.08
2013-05-24,1467.0,1481.75,1435.55,1462.85,1461.2,2270834.0,33288.4
2013-05-23,1485.1,1502.85,1447.4,1455.0,1455.2,3525797.0,51381.41
2013-05-22,1527.0,1531.0,1498.1,1517.55,1512.95,886069.0,13436.8
2013-05-21,1525.25,1545.0,1515.0,1522.5,1520.55,891427.0,13619.64
2013-05-20,1538.7,1549.9,1524.55,1531.9,1529.7,1421937.0,21842.62
2013-05-17,1530.0,1540.95,1515.0,1532.6,1535.25,1225573.0,18727.09
2013-05-16,1502.3,1540.0,1501.45,1529.15,1530.9,1157474.0,17724.97
2013-05-15,1468.0,1514.95,1468.0,1508.15,1508.7,1673519.0,25054.67
2013-05-14,1455.0,1471.9,1445.1,1467.0,1467.5,1268386.0,18566.1
2013-05-13,1465.0,1498.0,1446.1,1452.0,1452.0,2046780.0,30035.67
2013-05-11,1470.0,1478.35,1461.3,1473.0,1472.45,72080.0,1060.86
2013-05-10,1450.0,1474.7,1446.0,1467.1,1469.9,1542367.0,22536.2
2013-05-09,1488.0,1488.0,1447.6,1455.95,1454.15,3121520.0,45514.67
2013-05-08,1506.0,1514.05,1470.75,1492.0,1489.7,973101.0,14470.98
2013-05-07,1462.0,1507.0,1459.1,1503.7,1503.95,1471434.0,21936.44
2013-05-06,1467.0,1471.85,1445.0,1463.8,1459.75,1347820.0,19655.62
2013-05-03,1513.0,1513.0,1467.0,1470.0,1474.8,1865295.0,27783.62
2013-05-02,1485.1,1528.75,1483.95,1520.0,1516.0,2155118.0,32632.37
2013-04-30,1487.0,1501.0,1458.0,1489.45,1492.7,1802189.0,26722.61
2013-04-29,1486.0,1486.0,1460.25,1474.95,1475.4,1312357.0,19307.31
2013-04-26,1490.0,1499.9,1467.1,1487.0,1486.35,2097993.0,31085.2
2013-04-25,1471.0,1520.0,1453.0,1498.0,1503.4,3878351.0,57816.82
2013-04-23,1445.0,1455.1,1413.15,1451.8,1444.8,1468130.0,20995.53
2013-04-22,1435.5,1484.0,1434.2,1450.0,1441.15,2650579.0,38541.73
2013-04-18,1369.7,1436.9,1355.0,1430.15,1429.4,2260176.0,31853.37
2013-04-17,1371.8,1450.0,1366.15,1378.0,1377.2,1837309.0,25347.28
2013-04-16,1286.5,1369.0,1282.75,1357.2,1363.3,2397572.0,32075.69
2013-04-15,1256.0,1311.35,1254.0,1282.95,1294.2,1537940.0,19856.38
2013-04-12,1240.0,1277.0,1234.5,1257.6,1264.3,1582245.0,19914.8
2013-04-11,1246.55,1254.9,1231.0,1252.05,1252.15,1942836.0,24193.01
2013-04-10,1214.8,1242.85,1200.0,1240.0,1239.3,2009353.0,24629.99
2013-04-09,1210.35,1239.8,1198.8,1201.8,1203.2,1498099.0,18256.1
2013-04-08,1226.5,1238.0,1198.0,1204.3,1203.2,972884.0,11826.91
2013-04-05,1240.45,1249.35,1217.2,1229.0,1229.55,1296810.0,15996.62
2013-04-04,1266.0,1270.0,1240.1,1244.65,1243.85,1283541.0,16046.3
2013-04-03,1301.9,1316.0,1271.2,1280.0,1278.15,1692725.0,21932.18
2013-04-02,1319.9,1320.0,1293.1,1302.0,1301.35,1146904.0,14946.71
2013-04-01,1301.25,1318.5,1296.0,1312.0,1314.9,981343.0,12860.87
2013-03-28,1298.0,1311.2,1277.05,1305.0,1300.7,1365512.0,17646.09
2013-03-26,1304.9,1305.0,1287.1,1294.45,1294.2,1330234.0,17218.46
2013-03-25,1318.0,1334.45,1300.05,1313.05,1309.35,1456068.0,19211.31
2013-03-22,1313.0,1327.4,1292.5,1297.0,1300.05,1335988.0,17470.45
2013-03-21,1301.25,1339.0,1282.0,1311.4,1311.7,1725824.0,22664.62
2013-03-20,1312.0,1321.0,1290.95,1300.0,1299.25,1528633.0,19979.06
2013-03-19,1326.0,1336.65,1281.4,1323.2,1321.5,2295319.0,30125.28
2013-03-18,1313.0,1336.4,1299.0,1321.8,1325.1,2334020.0,30812.05
2013-03-15,1346.2,1364.0,1317.0,1342.95,1339.85,3300282.0,44236.04
2013-03-14,1343.0,1365.0,1299.0,1354.4,1352.8,3616843.0,48387.24
2013-03-13,1375.0,1378.0,1336.05,1342.0,1346.7,1617577.0,21902.81
2013-03-12,1399.0,1401.9,1378.0,1383.0,1384.75,1019709.0,14169.63
2013-03-11,1411.0,1427.7,1391.75,1393.0,1401.2,1748010.0,24710.13
2013-03-08,1410.0,1418.0,1402.4,1410.05,1407.0,1180690.0,16625.49
2013-03-07,1390.05,1406.7,1383.5,1404.95,1403.3,1094407.0,15244.32
2013-03-06,1410.5,1414.95,1390.0,1397.85,1402.15,1612611.0,22596.44
2013-03-05,1375.0,1408.75,1374.7,1404.35,1403.2,1559831.0,21690.22
2013-03-04,1358.45,1383.35,1347.05,1375.5,1368.9,1465609.0,19904.61
2013-03-01,1345.0,1378.0,1318.85,1361.5,1363.7,2718726.0,36603.41
2013-02-28,1410.75,1417.0,1333.95,1344.9,1344.15,2680376.0,36575.22
2013-02-27,1368.6,1410.0,1368.6,1401.75,1400.0,1593619.0,22180.43
2013-02-26,1401.0,1401.0,1360.5,1370.7,1367.75,1066738.0,14708.97
2013-02-25,1407.35,1416.4,1392.7,1402.1,1401.15,1209276.0,16988.96
2013-02-22,1405.2,1422.0,1404.1,1413.0,1411.9,1099389.0,15524.7
2013-02-21,1422.1,1434.6,1399.0,1410.2,1404.8,1760890.0,24870.57
2013-02-20,1446.9,1454.7,1435.55,1435.6,1439.4,668691.0,9652.13
2013-02-19,1435.05,1445.75,1425.0,1439.65,1439.4,736093.0,10562.23
2013-02-18,1449.0,1449.0,1425.0,1432.6,1432.05,1085936.0,15556.46
2013-02-15,1432.0,1454.85,1420.1,1446.0,1449.3,1707642.0,24537.16
2013-02-14,1481.25,1484.25,1425.0,1433.25,1432.3,2708579.0,39144.41
2013-02-13,1485.1,1492.65,1472.95,1478.1,1477.55,888424.0,13146.18
2013-02-12,1496.0,1504.4,1472.0,1485.5,1482.95,2172257.0,32329.89
2013-02-11,1453.25,1499.0,1453.25,1494.9,1494.1,5329501.0,79373.78
2013-02-08,1459.0,1470.85,1445.55,1457.0,1450.8,2222388.0,32364.06
2013-02-07,1457.1,1482.0,1456.0,1460.1,1460.55,1738190.0,25450.67
2013-02-06,1467.85,1470.0,1456.15,1465.55,1460.1,1319530.0,19267.94
2013-02-05,1470.3,1488.5,1453.1,1456.6,1459.15,1744435.0,25573.65
2013-02-04,1508.0,1515.0,1475.0,1479.5,1477.7,1168344.0,17411.02
2013-02-01,1501.1,1515.0,1486.6,1510.0,1509.65,1480881.0,22194.87
2013-01-31,1494.9,1510.0,1489.95,1506.0,1505.15,2620571.0,39321.76
2013-01-30,1477.5,1516.05,1476.8,1501.0,1501.25,4970410.0,74582.48
2013-01-29,1416.3,1503.55,1416.0,1473.35,1475.45,9092773.0,133943.25
2013-01-28,1381.0,1433.9,1375.85,1416.5,1412.95,3721613.0,52545.47
2013-01-25,1393.0,1401.8,1379.9,1389.0,1386.25,1656661.0,23021.91
2013-01-24,1401.2,1409.0,1386.55,1395.0,1396.3,1968170.0,27542.37
2013-01-23,1402.0,1407.0,1380.45,1407.0,1398.4,1281771.0,17823.38
2013-01-22,1385.0,1405.8,1380.4,1393.95,1393.4,1038115.0,14505.06
2013-01-21,1385.15,1391.7,1370.75,1385.0,1385.45,732873.0,10134.33
2013-01-18,1410.0,1415.5,1380.2,1384.4,1388.05,1403580.0,19515.35
2013-01-17,1411.25,1419.0,1394.1,1404.1,1406.4,1440138.0,20311.11
2013-01-16,1430.0,1430.0,1403.15,1412.2,1409.45,2365757.0,33372.92
2013-01-15,1394.0,1431.0,1390.0,1428.0,1424.3,3397412.0,47927.75
2013-01-14,1367.1,1390.9,1361.55,1388.3,1386.1,1314382.0,18151.69
2013-01-11,1372.1,1374.05,1356.25,1360.0,1364.1,1314243.0,17928.09
2013-01-10,1359.0,1376.8,1345.5,1369.15,1368.0,1371873.0,18630.88
2013-01-09,1352.25,1361.95,1344.1,1351.0,1349.65,1577025.0,21291.63
2013-01-08,1368.8,1369.0,1343.05,1362.7,1360.3,1218122.0,16521.91
2013-01-07,1385.0,1387.7,1365.5,1366.0,1372.85,1143170.0,15717.4
2013-01-04,1382.45,1386.95,1370.0,1377.25,1378.95,1252580.0,17263.78
2013-01-03,1394.0,1396.5,1383.25,1390.0,1389.95,950039.0,13207.97
2013-01-02,1371.15,1394.4,1366.65,1386.75,1386.85,1433645.0,19859.63
2013-01-01,1369.7,1371.5,1360.5,1362.0,1362.7,668722.0,9130.71
2012-12-31,1353.0,1369.5,1352.75,1352.75,1356.55,658124.0,8958.43
2012-12-28,1364.0,1364.95,1348.1,1354.9,1359.55,1218502.0,16555.48
2012-12-27,1354.0,1374.85,1352.95,1361.1,1364.3,1893523.0,25865.43
2012-12-26,1344.95,1359.4,1341.7,1351.95,1351.95,1003503.0,13565.98
2012-12-24,1322.05,1345.0,1322.05,1342.9,1342.65,910504.0,12162.76
2012-12-21,1310.0,1341.6,1307.0,1318.0,1321.25,1682499.0,22343.32
2012-12-20,1338.0,1339.95,1307.1,1318.25,1318.6,1460182.0,19271.12
2012-12-19,1360.0,1362.4,1328.25,1334.0,1334.9,1684486.0,22621.34
2012-12-18,1358.1,1363.3,1320.2,1352.75,1353.95,1771672.0,23860.89
2012-12-17,1351.0,1365.95,1345.05,1355.55,1359.05,1667118.0,22647.66
2012-12-14,1328.0,1356.9,1324.45,1356.7,1352.7,1165843.0,15630.83
2012-12-13,1328.0,1346.5,1315.1,1326.05,1325.35,1735029.0,23067.7
2012-12-12,1329.95,1330.4,1312.05,1325.9,1326.35,1361449.0,17980.47
2012-12-11,1328.1,1339.9,1310.1,1326.15,1325.4,1604285.0,21256.08
2012-12-10,1325.1,1335.8,1315.25,1323.5,1322.85,1626730.0,21535.94
2012-12-07,1368.0,1370.0,1321.2,1323.8,1328.75,2048738.0,27452.51
2012-12-06,1342.5,1379.0,1331.0,1376.85,1364.1,1480568.0,19922.18
2012-12-05,1325.2,1340.0,1325.2,1336.0,1334.7,1248038.0,16651.26
2012-12-04,1321.6,1328.4,1309.25,1319.95,1322.1,926857.0,12238.06
2012-12-03,1314.0,1324.9,1304.5,1318.45,1321.6,1363466.0,17940.62
2012-11-30,1314.0,1324.6,1300.15,1322.15,1319.9,1793912.0,23551.28
2012-11-29,1291.1,1314.0,1290.0,1305.0,1310.2,2647233.0,34483.59
2012-11-27,1272.0,1294.0,1268.45,1292.95,1290.05,1637883.0,21042.22
2012-11-26,1262.0,1271.65,1247.1,1259.95,1265.8,1352128.0,17048.25
2012-11-23,1262.9,1262.9,1245.0,1255.1,1256.75,976085.0,12222.29
2012-11-22,1243.0,1269.0,1242.45,1252.1,1257.05,1652923.0,20828.15
2012-11-21,1220.0,1240.8,1218.45,1239.0,1236.35,1140440.0,14038.32
2012-11-20,1224.6,1232.65,1213.7,1217.0,1218.95,2456772.0,29977.44
2012-11-19,1226.5,1230.0,1202.8,1215.5,1214.3,1287162.0,15618.98
2012-11-16,1239.2,1243.65,1221.9,1228.05,1226.25,1981883.0,24369.91
2012-11-15,1214.0,1240.0,1211.0,1240.0,1232.25,1973882.0,24153.33
2012-11-13,1228.0,1231.7,1216.05,1220.4,1222.6,263301.0,3225.58
2012-11-12,1219.0,1234.9,1215.1,1227.0,1226.45,971454.0,11903.76
2012-11-09,1222.5,1232.95,1207.8,1217.5,1215.1,981211.0,11965.0
2012-11-08,1216.0,1229.9,1211.45,1220.05,1222.5,1257461.0,15353.8
2012-11-07,1215.0,1243.7,1215.0,1229.95,1232.05,1846176.0,22778.0
2012-11-06,1212.0,1224.45,1205.35,1219.7,1220.15,1118632.0,13607.32
2012-11-05,1214.4,1218.75,1200.5,1215.65,1214.25,940076.0,11383.48
2012-11-02,1227.7,1228.0,1212.5,1215.0,1215.5,1524736.0,18606.47
2012-11-01,1183.0,1209.75,1177.0,1207.05,1207.15,1354503.0,16229.43
2012-10-31,1184.45,1186.9,1165.55,1181.95,1182.6,1780532.0,20958.58
2012-10-30,1223.0,1238.9,1171.75,1182.3,1184.7,2739266.0,32808.05
2012-10-29,1232.0,1239.7,1212.75,1221.3,1221.75,1149428.0,14098.23
2012-10-26,1228.8,1246.15,1222.4,1233.8,1231.65,1738537.0,21460.53
2012-10-25,1219.9,1243.0,1218.0,1234.0,1238.05,1857686.0,22952.98
2012-10-23,1219.0,1228.9,1213.5,1224.0,1222.25,1380855.0,16856.37
2012-10-22,1194.0,1228.0,1189.55,1220.0,1223.75,2275045.0,27612.61
2012-10-19,1200.0,1210.8,1186.0,1202.0,1202.25,2690029.0,32238.76
2012-10-18,1157.25,1209.0,1148.05,1206.9,1202.35,4139075.0,48970.05
2012-10-17,1155.0,1159.5,1125.2,1154.05,1153.95,2644758.0,30262.19
2012-10-16,1133.5,1169.7,1133.5,1142.0,1145.9,4501129.0,51876.9
2012-10-15,1125.0,1126.0,1108.6,1119.0,1119.1,1834140.0,20515.77
2012-10-12,1135.0,1143.65,1115.2,1117.55,1119.7,1938489.0,21876.04
2012-10-11,1110.0,1140.0,1083.85,1139.05,1133.7,2441870.0,27235.64
2012-10-10,1119.9,1124.0,1102.1,1105.85,1106.8,1638968.0,18225.28
2012-10-09,1146.0,1152.0,1122.1,1127.6,1128.4,1685298.0,19103.5
2012-10-08,1148.0,1148.0,1121.0,1131.0,1130.95,2390694.0,27011.77
2012-10-05,1155.75,1161.9,1008.5,1143.1,1142.95,2657566.0,30169.96
2012-10-04,1123.0,1151.85,1123.0,1141.35,1140.8,2439948.0,27893.2
2012-10-03,1130.7,1135.85,1108.55,1113.0,1113.4,2489130.0,27811.69
2012-10-01,1136.0,1138.3,1121.15,1133.8,1130.7,1280154.0,14455.38
2012-09-28,1142.0,1150.9,1130.65,1135.0,1136.0,1748800.0,19948.41
2012-09-27,1134.0,1143.35,1120.1,1133.4,1128.8,2323129.0,26273.54
2012-09-26,1097.45,1136.0,1085.25,1125.7,1126.8,3724780.0,41485.38
2012-09-25,1144.0,1160.8,1088.05,1104.5,1101.95,5739237.0,63554.79
2012-09-24,1120.25,1174.5,1120.25,1130.5,1132.65,4289343.0,49303.11
2012-09-21,1048.95,1129.7,1048.95,1125.0,1124.65,5542978.0,61192.4
2012-09-20,1049.75,1058.8,1038.65,1040.05,1044.4,1796339.0,18852.95
2012-09-18,1054.7,1085.45,1047.1,1070.7,1073.4,2559356.0,27347.71
2012-09-17,1031.45,1061.0,1022.0,1057.0,1057.5,5883806.0,61625.48
2012-09-14,975.0,1013.0,971.0,1009.6,1009.9,4716535.0,46933.92
2012-09-13,958.9,959.9,944.55,946.85,948.05,1765254.0,16811.91
2012-09-12,960.0,966.5,942.05,956.0,956.0,2002028.0,19129.13
2012-09-11,945.0,960.8,941.0,951.2,952.85,2563207.0,24423.16
2012-09-10,980.0,984.0,950.15,950.5,952.95,1690774.0,16255.05
2012-09-08,978.8,982.0,975.45,981.0,978.8,133470.0,1305.18
2012-09-07,968.6,979.8,960.3,976.0,976.85,2937624.0,28546.37
2012-09-06,932.0,956.5,928.15,949.0,948.7,3427958.0,32361.84
2012-09-05,967.0,968.5,927.25,931.8,930.25,5304880.0,49823.98
2012-09-04,981.0,984.9,966.85,977.5,978.3,2944049.0,28730.49
2012-09-03,998.15,1008.3,974.45,975.0,977.6,2772713.0,27398.87
2012-08-31,1012.9,1014.95,988.55,990.25,991.8,2735770.0,27350.97
2012-08-30,1020.0,1027.15,1004.05,1013.0,1013.25,2645176.0,26772.9
2012-08-29,1019.0,1029.0,1007.0,1020.7,1018.45,1685812.0,17183.66
2012-08-28,1042.0,1042.0,1007.1,1013.0,1017.25,3011821.0,30681.93
2012-08-27,1080.0,1080.0,1035.0,1038.35,1039.1,2287248.0,24036.9
2012-08-24,1088.1,1088.15,1065.55,1075.8,1075.45,1564006.0,16810.81
2012-08-23,1114.0,1118.5,1089.0,1092.25,1094.65,1601526.0,17669.7
2012-08-22,1106.45,1119.85,1100.1,1110.5,1108.0,1065952.0,11820.2
2012-08-21,1114.0,1117.7,1097.4,1111.3,1110.7,1308503.0,14460.68
2012-08-17,1115.0,1121.6,1102.4,1114.0,1110.2,1604160.0,17859.13
2012-08-16,1115.0,1122.0,1107.7,1115.0,1113.95,2047213.0,22818.86
2012-08-14,1078.0,1110.0,1075.5,1109.65,1107.2,1666365.0,18256.82
2012-08-13,1069.0,1085.0,1052.4,1083.05,1080.85,1532892.0,16337.73
2012-08-10,1088.0,1090.9,1040.85,1072.1,1070.0,2143514.0,22878.25
2012-08-09,1102.0,1109.8,1080.1,1091.5,1087.2,1607826.0,17626.66
2012-08-08,1100.0,1109.7,1090.65,1095.7,1096.7,2363680.0,26007.5
2012-08-07,1068.0,1095.0,1066.0,1091.6,1091.3,2425224.0,26376.04
2012-08-06,1055.0,1073.05,1054.6,1062.7,1063.6,1600101.0,17053.53
2012-08-03,1050.15,1051.05,1032.0,1039.85,1041.1,1234299.0,12842.07
2012-08-02,1045.1,1061.1,1042.0,1059.1,1058.5,1447167.0,15221.76
2012-08-01,1040.25,1050.0,1036.0,1046.0,1046.0,1516668.0,15835.04
2012-07-31,1045.25,1056.8,1022.0,1044.0,1044.15,2331008.0,24237.12
2012-07-30,1007.0,1047.0,1007.0,1037.0,1040.35,2174856.0,22473.15
2012-07-27,1026.8,1037.6,991.7,999.85,997.15,2463639.0,25045.93
2012-07-26,1034.95,1034.95,997.0,1001.95,1002.2,2307826.0,23355.64
2012-07-25,1039.9,1040.5,1016.1,1029.0,1028.7,1191914.0,12227.63
2012-07-24,1032.55,1045.0,1030.1,1041.4,1041.35,1401718.0,14570.29
2012-07-23,1030.0,1037.0,1023.5,1028.0,1027.55,1029847.0,10605.49
2012-07-20,1056.9,1058.7,1038.0,1041.0,1040.8,1780269.0,18645.27
2012-07-19,1050.8,1066.55,1045.2,1054.9,1057.05,1914580.0,20207.37
2012-07-18,1030.1,1041.6,1022.55,1039.35,1038.25,2200590.0,22718.61
2012-07-17,1059.6,1061.0,1012.35,1021.4,1023.8,4259233.0,44145.12
2012-07-16,1031.25,1058.0,1031.25,1048.7,1046.3,1851626.0,19405.85
2012-07-13,1053.0,1062.0,1030.6,1031.3,1034.7,2017368.0,21116.49
2012-07-12,1059.9,1059.9,1043.0,1044.3,1047.8,2129334.0,22365.03
2012-07-11,1068.1,1081.4,1062.6,1066.25,1066.7,1902935.0,20380.67
2012-07-10,1037.0,1079.0,1036.3,1078.0,1075.3,3119268.0,33084.73
2012-07-09,1028.8,1042.5,1025.0,1033.0,1035.85,2150384.0,22284.05
2012-07-06,1047.7,1047.7,1028.0,1036.8,1037.5,1478612.0,15343.17
2012-07-05,1040.0,1049.5,1031.5,1043.6,1044.0,3240151.0,33663.62
2012-07-04,1051.5,1051.8,1035.2,1038.7,1041.4,1643472.0,17124.71
2012-07-03,1032.95,1050.0,1032.95,1041.8,1044.05,1739912.0,18174.24
2012-07-02,1021.25,1038.75,1015.75,1026.0,1029.3,2051283.0,21073.94
2012-06-29,994.7,1018.1,987.1,1012.0,1015.75,3319308.0,33371.85
2012-06-28,981.0,991.0,968.0,980.0,978.6,5658988.0,55316.69
2012-06-27,1009.2,1015.9,998.1,1000.7,1000.95,1488812.0,15013.9
2012-06-26,1007.5,1017.0,996.7,1003.55,1002.75,1464827.0,14753.18
2012-06-25,1020.0,1034.25,1006.65,1007.85,1012.3,2167517.0,22137.6
2012-06-22,1006.0,1022.0,997.55,1012.1,1014.3,2011688.0,20341.28
2012-06-21,991.05,1028.9,990.25,1025.0,1025.45,1754261.0,17780.57
2012-06-20,1002.6,1015.0,994.3,1002.05,1000.75,1461290.0,14681.43
2012-06-19,995.0,1004.9,982.85,1004.0,1001.55,1921055.0,19113.42
2012-06-18,1049.9,1050.8,990.0,999.0,1000.15,2313608.0,23431.89
2012-06-15,1021.0,1038.35,1010.0,1030.0,1032.55,1735376.0,17819.68
2012-06-14,1031.95,1037.5,1005.75,1007.2,1013.05,1730531.0,17694.14
2012-06-13,1060.0,1063.0,1040.0,1043.0,1044.65,2405166.0,25245.41
2012-06-12,1028.1,1061.4,1027.15,1058.0,1057.6,1899216.0,19883.71
2012-06-11,1060.1,1072.0,1031.05,1035.0,1036.85,1933645.0,20383.95
2012-06-08,1057.8,1057.8,1021.3,1055.0,1049.4,1965273.0,20454.58
2012-06-07,1031.1,1062.0,1018.55,1057.0,1057.1,2798444.0,29108.61
2012-06-06,999.0,1028.0,998.0,1018.0,1020.35,1941934.0,19741.98
2012-06-05,995.4,1011.9,984.05,987.0,989.65,1929700.0,19302.93
2012-06-04,955.5,995.4,944.1,993.1,988.0,1568975.0,15170.05
2012-06-01,969.8,985.0,957.0,966.9,964.55,1591361.0,15418.15
2012-05-31,985.6,990.8,964.05,980.0,970.95,2458205.0,24006.55
2012-05-30,1016.8,1016.8,996.3,1002.05,1000.8,998076.0,10011.28
2012-05-29,1033.0,1038.0,1019.4,1021.65,1024.0,1323563.0,13620.77
2012-05-28,1004.0,1032.0,1004.0,1031.9,1029.4,1737528.0,17734.28
2012-05-25,998.0,1012.0,992.4,1000.0,1000.4,1809738.0,18175.29
2012-05-24,970.5,999.8,962.75,998.25,997.8,2105646.0,20754.32
2012-05-23,960.0,969.6,951.5,964.0,963.45,1327044.0,12752.52
2012-05-22,979.0,983.0,958.65,968.0,965.55,1903922.0,18480.9
2012-05-21,951.0,968.8,950.15,960.55,963.25,2309611.0,22193.33
2012-05-18,933.95,955.4,922.0,955.0,949.4,3046588.0,28595.28
2012-05-17,979.4,987.9,944.4,952.0,951.3,2086488.0,20170.22
2012-05-16,970.1,981.95,960.1,972.0,971.4,1998560.0,19420.11
2012-05-15,988.0,1006.45,983.0,988.7,993.6,1726538.0,17195.21
2012-05-14,1004.0,1013.6,975.0,998.0,997.65,1983588.0,19713.13
2012-05-11,973.15,1009.0,967.05,996.65,1000.2,2479664.0,24553.26
2012-05-10,962.75,994.7,962.75,985.0,981.25,2456361.0,24128.41
2012-05-09,970.3,981.9,955.0,958.45,961.15,2451776.0,23746.09
2012-05-08,1025.5,1029.9,972.0,974.8,983.45,2401298.0,24113.36
2012-05-07,990.0,1029.7,968.75,1022.65,1022.55,3048851.0,30356.71
2012-05-04,1049.0,1050.2,998.7,1005.95,1009.75,3702478.0,37650.22
2012-05-03,1094.0,1094.0,1054.0,1059.95,1058.3,2316943.0,24774.18
2012-05-02,1107.2,1127.65,1095.0,1096.0,1103.25,1930499.0,21470.96
2012-04-30,1120.35,1129.7,1098.25,1106.15,1106.95,1772972.0,19752.36
2012-04-28,1125.25,1135.85,1114.0,1123.05,1121.2,456767.0,5124.31
2012-04-27,1089.7,1115.95,1089.0,1100.3,1104.0,2527504.0,27915.04
2012-04-26,1096.0,1098.95,1076.15,1082.25,1086.65,2185738.0,23715.14
2012-04-25,1114.0,1125.0,1081.25,1096.5,1094.75,2817831.0,30993.24
2012-04-24,1141.9,1142.05,1089.0,1113.0,1113.9,2548535.0,28430.77
2012-04-23,1178.0,1188.4,1127.0,1127.0,1134.45,1505173.0,17387.41
2012-04-20,1189.95,1204.85,1163.15,1175.0,1177.15,1355032.0,16068.46
2012-04-19,1197.3,1209.4,1183.8,1197.95,1195.55,1198547.0,14337.1
2012-04-18,1220.0,1226.5,1189.1,1190.75,1196.3,1517817.0,18396.47
2012-04-17,1209.0,1225.0,1161.45,1211.3,1211.65,3138000.0,37780.24
2012-04-16,1159.8,1200.0,1158.1,1200.0,1196.85,1272484.0,15092.61
2012-04-13,1206.0,1216.95,1156.1,1159.3,1162.15,2283736.0,27144.91
2012-04-12,1163.4,1202.6,1163.4,1193.95,1196.5,1929913.0,22962.08
2012-04-11,1138.0,1169.6,1134.05,1164.0,1157.4,1714756.0,19761.35
2012-04-10,1154.5,1159.5,1139.8,1153.6,1153.55,1128122.0,12987.86
2012-04-09,1157.55,1158.0,1141.2,1146.5,1145.95,1023341.0,11749.5
2012-04-04,1161.0,1173.8,1155.35,1168.0,1166.65,1496075.0,17410.43
2012-04-03,1161.0,1185.0,1159.0,1176.95,1175.8,1927974.0,22664.82
2012-04-02,1126.0,1161.5,1126.0,1152.95,1154.8,1731666.0,19946.6
2012-03-30,1132.5,1152.0,1130.0,1144.0,1146.2,2596538.0,29694.25
2012-03-29,1098.15,1137.6,1095.2,1118.95,1122.05,2738630.0,30651.14
2012-03-28,1130.0,1137.85,1108.25,1113.0,1115.6,1969080.0,22109.81
2012-03-27,1154.0,1161.0,1117.05,1144.0,1141.5,2947670.0,33530.65
2012-03-26,1174.9,1174.9,1120.0,1126.0,1125.15,2270885.0,25839.91
2012-03-23,1188.8,1202.5,1152.2,1182.05,1179.35,2796088.0,32922.47
2012-03-22,1235.25,1243.3,1169.1,1171.05,1176.5,2128705.0,25725.89
2012-03-21,1185.0,1242.95,1183.15,1241.6,1228.75,2270010.0,27376.86
2012-03-20,1200.0,1221.25,1180.1,1183.15,1186.35,2177476.0,26059.06
2012-03-19,1227.95,1238.0,1188.55,1199.8,1198.95,1813073.0,21977.67
2012-03-16,1234.5,1279.5,1203.45,1217.0,1216.2,2822843.0,35124.92
2012-03-15,1275.0,1276.0,1233.6,1240.0,1242.4,1899184.0,23747.53
2012-03-14,1265.0,1283.7,1258.25,1274.2,1274.05,2705604.0,34374.66
2012-03-13,1240.0,1248.5,1236.35,1240.5,1240.6,1822438.0,22650.77
2012-03-12,1250.0,1257.65,1213.15,1221.7,1225.0,1940814.0,23860.25
2012-03-09,1189.0,1219.0,1185.0,1213.95,1213.4,2372886.0,28575.02
2012-03-07,1140.0,1169.95,1130.75,1166.0,1164.85,2248366.0,25972.48
2012-03-06,1148.9,1200.0,1105.75,1138.1,1147.5,3914605.0,45596.61
2012-03-05,1165.0,1169.0,1142.75,1150.0,1150.0,1367511.0,15739.31
2012-03-03,1171.0,1177.7,1166.05,1171.05,1172.1,109687.0,1286.28
2012-03-02,1164.95,1208.9,1144.45,1163.8,1166.65,3018407.0,35569.9
2012-03-01,1175.0,1175.0,1132.4,1141.95,1152.9,1577856.0,18142.59
2012-02-29,1190.0,1209.55,1160.25,1179.0,1177.75,2541084.0,30086.67
2012-02-28,1129.5,1188.0,1120.15,1170.0,1170.55,3138141.0,36327.0
2012-02-27,1185.0,1187.85,1105.0,1106.0,1114.5,3051507.0,34520.36
2012-02-24,1217.8,1246.55,1176.15,1187.5,1183.45,3045610.0,36622.21
2012-02-23,1210.0,1245.0,1196.0,1220.0,1217.7,3100197.0,37847.49
2012-02-22,1286.3,1293.4,1204.0,1208.0,1216.05,3142766.0,39364.7
2012-02-21,1269.0,1308.45,1268.15,1282.35,1287.6,2033183.0,26295.7
2012-02-17,1248.0,1295.0,1240.0,1277.6,1278.2,2929410.0,37350.66
2012-02-16,1205.15,1235.0,1195.0,1233.0,1224.3,2528000.0,30608.9
2012-02-15,1142.0,1230.0,1140.1,1210.0,1221.0,3528193.0,42001.27
2012-02-14,1118.0,1133.0,1111.25,1128.05,1129.65,1393225.0,15702.5
2012-02-13,1120.0,1127.75,1108.5,1116.0,1116.35,1476639.0,16519.61
2012-02-10,1126.0,1143.9,1101.9,1111.8,1118.05,1661450.0,18624.47
2012-02-09,1114.7,1141.8,1106.25,1138.0,1134.5,2307062.0,25854.28
2012-02-08,1118.0,1141.15,1102.65,1124.0,1127.2,2967018.0,33339.99
2012-02-07,1124.9,1124.9,1099.0,1112.1,1113.6,1716649.0,19073.2
2012-02-06,1114.0,1118.4,1097.95,1110.05,1110.05,2882435.0,31961.15
2012-02-03,1076.7,1109.35,1061.2,1090.0,1099.35,2119699.0,23098.71
2012-02-02,1094.0,1108.7,1063.55,1070.15,1075.9,2806667.0,30499.18
2012-02-01,1074.5,1092.3,1053.3,1088.4,1088.1,2227592.0,23831.29
2012-01-31,1035.0,1088.0,1030.95,1085.05,1075.05,2203159.0,23228.18
2012-01-30,1069.8,1069.8,1017.3,1021.0,1023.45,2010435.0,20985.5
2012-01-27,1074.0,1079.4,1056.35,1076.0,1073.05,2779461.0,29718.03
2012-01-25,1038.8,1075.9,1020.55,1054.0,1063.65,4449954.0,46810.21
2012-01-24,997.0,1046.0,984.05,1020.9,1032.6,7011924.0,71486.59
2012-01-23,1017.0,1037.8,990.8,994.85,996.95,3594421.0,36463.96
2012-01-20,962.1,1020.0,955.45,1018.0,1009.05,4924504.0,48772.53
2012-01-19,945.0,961.2,943.25,953.9,955.05,1778225.0,16957.43
2012-01-18,964.0,968.95,930.1,931.8,933.25,1841280.0,17276.33
2012-01-17,943.0,979.9,943.0,960.95,962.25,2652545.0,25563.2
2012-01-16,934.0,939.0,917.1,939.0,935.25,1981422.0,18392.79
2012-01-13,948.85,955.95,928.55,938.55,939.7,2400856.0,22679.71
2012-01-12,931.0,968.45,926.95,942.0,940.5,3551923.0,33613.1
2012-01-11,898.0,947.45,893.1,943.5,933.65,3106413.0,28383.15
2012-01-10,869.0,897.0,866.1,894.5,894.75,1965418.0,17464.09
2012-01-09,851.0,863.4,835.1,863.0,858.2,1752655.0,14889.51
2012-01-07,850.1,855.5,848.2,852.3,852.2,155654.0,1326.71
2012-01-06,862.8,866.0,836.3,852.6,853.5,2469065.0,20957.55
2012-01-05,849.0,878.8,845.05,869.05,870.65,3380234.0,29249.89
2012-01-04,844.8,856.0,831.9,848.0,848.15,3387350.0,28617.93
2012-01-03,805.1,841.9,803.65,841.0,837.55,2142010.0,17633.69
2012-01-02,810.0,815.0,784.0,794.6,794.8,1945453.0,15486.23
2011-12-30,816.0,827.45,803.3,806.0,808.1,2032545.0,16583.84
2011-12-29,824.45,837.9,808.0,809.8,815.55,2785022.0,22952.39
2011-12-28,841.0,841.0,820.1,830.05,832.6,1947165.0,16131.47
2011-12-27,872.4,872.8,839.8,844.0,845.25,1742237.0,14861.66
2011-12-26,880.0,891.0,867.0,869.0,872.0,1706610.0,14968.95
2011-12-23,885.0,896.0,865.65,880.3,879.95,2932357.0,25842.33
2011-12-22,842.25,878.3,840.4,878.0,873.65,3090876.0,26652.62
2011-12-21,845.2,859.0,832.35,853.3,854.3,2397846.0,20235.21
2011-12-20,857.7,857.7,808.85,819.05,820.3,3895799.0,31998.58
2011-12-19,897.95,897.95,828.0,850.65,849.05,3714298.0,31587.61
2011-12-16,955.0,964.0,895.0,901.4,904.05,4109418.0,37946.23
2011-12-15,948.0,952.15,934.0,951.4,949.1,2268610.0,21391.29
2011-12-14,959.0,981.0,950.55,962.45,959.15,2421874.0,23388.96
2011-12-13,962.0,974.0,940.35,972.0,959.9,2545664.0,24290.95
2011-12-12,1005.0,1008.0,967.25,967.3,970.4,1516382.0,14911.36
2011-12-09,981.35,1012.9,978.2,989.0,991.9,2175543.0,21678.73
2011-12-08,1035.0,1041.95,995.0,999.0,1003.4,2323242.0,23507.11
2011-12-07,1033.0,1052.45,1029.45,1037.0,1039.55,1873993.0,19542.71
2011-12-05,1005.0,1036.05,992.6,1031.3,1032.15,2508512.0,25593.52
2011-12-02,978.65,1012.0,965.55,1011.3,1005.95,2623926.0,25968.75
2011-12-01,985.1,998.7,963.1,971.8,972.6,2635162.0,25851.53
2011-11-30,961.0,974.8,936.0,949.15,947.65,2602878.0,24917.28
2011-11-29,993.0,1001.7,965.25,973.0,975.8,1970083.0,19409.22
2011-11-28,981.2,997.0,974.6,989.0,991.4,1553023.0,15318.12
2011-11-25,954.95,977.85,945.45,962.0,967.25,1811853.0,17511.83
2011-11-24,940.0,964.7,935.65,964.7,957.25,3037875.0,28898.48
2011-11-23,937.0,942.8,921.1,940.45,937.1,2621078.0,24422.16
2011-11-22,951.5,958.9,930.3,944.0,947.0,3334177.0,31559.58
2011-11-21,960.0,971.2,943.15,947.4,947.0,1995224.0,19123.39
2011-11-18,978.1,980.8,940.0,970.0,964.2,3491717.0,33404.13
2011-11-17,1004.0,1009.5,981.05,982.9,985.55,2210100.0,21951.71
2011-11-16,1008.5,1021.1,977.9,1012.9,1006.15,2686166.0,26787.75
2011-11-15,1044.0,1051.0,998.2,1005.0,1008.4,2133285.0,21829.84
2011-11-14,1073.0,1081.0,1046.3,1046.7,1049.5,1272332.0,13524.71
2011-11-11,1103.0,1112.65,1052.0,1056.0,1057.0,2915291.0,31312.59
2011-11-09,1149.0,1150.1,1103.5,1105.0,1112.3,1802188.0,20350.2
2011-11-08,1139.0,1153.9,1129.3,1137.5,1140.35,1569232.0,17921.21
2011-11-04,1135.8,1145.0,1123.65,1127.5,1128.5,1851582.0,21026.71
2011-11-03,1119.9,1130.0,1102.3,1114.2,1115.85,1720967.0,19168.74
2011-11-02,1124.0,1139.85,1117.2,1122.6,1125.95,1674048.0,18911.23
2011-11-01,1150.0,1156.3,1130.1,1136.5,1135.95,1140433.0,13037.03
2011-10-31,1150.0,1164.05,1141.5,1157.0,1159.35,2049629.0,23686.13
2011-10-28,1161.0,1182.8,1145.55,1151.0,1150.5,4092836.0,47826.61
2011-10-26,1127.0,1134.9,1119.0,1122.05,1122.95,431323.0,4861.02
2011-10-25,1172.25,1194.0,1110.0,1118.0,1117.75,6108295.0,69487.02
2011-10-24,1158.1,1189.1,1153.1,1165.0,1168.55,2955520.0,34641.19
2011-10-21,1136.8,1139.9,1122.3,1124.1,1127.7,1419262.0,16058.23
2011-10-20,1116.0,1136.0,1100.1,1130.0,1130.6,1475784.0,16462.9
2011-10-19,1105.0,1135.0,1104.7,1132.0,1132.75,1162310.0,13082.93
2011-10-18,1100.0,1105.05,1077.25,1103.1,1097.55,2051977.0,22375.99
2011-10-17,1111.9,1132.8,1108.25,1115.0,1121.85,1809829.0,20340.38
2011-10-14,1075.55,1110.0,1075.55,1094.0,1103.35,2172836.0,23908.98
2011-10-13,1100.0,1108.0,1080.0,1080.0,1086.55,3075951.0,33635.21
2011-10-12,1056.0,1099.9,1038.2,1095.6,1093.35,2482882.0,26540.24
2011-10-11,1060.25,1080.85,1045.0,1050.25,1052.75,1847144.0,19577.94
2011-10-10,1030.0,1055.0,1016.85,1055.0,1048.85,1471142.0,15266.55
2011-10-07,977.15,1038.5,977.15,1032.05,1030.3,2544501.0,25912.95
2011-10-05,972.0,975.0,945.2,955.0,952.0,2180747.0,20820.57
2011-10-04,984.4,996.4,951.0,963.1,959.75,3228348.0,31437.14
2011-10-03,1003.0,1005.0,980.0,988.35,988.5,1993982.0,19748.24
2011-09-30,1062.2,1063.0,1010.6,1030.5,1018.9,2927004.0,30345.49
2011-09-29,1064.0,1080.5,1055.1,1071.75,1069.75,2185228.0,23350.85
2011-09-28,1091.0,1096.0,1065.45,1072.0,1072.7,2016743.0,21733.92
2011-09-27,1074.0,1095.0,1065.0,1094.1,1088.0,1919494.0,20708.27
2011-09-26,1083.4,1084.4,1038.3,1054.0,1056.0,2716021.0,28685.64
2011-09-23,1100.1,1115.95,1065.4,1082.55,1086.85,2740795.0,29840.56
2011-09-22,1131.0,1135.9,1107.0,1119.0,1112.4,1995895.0,22435.45
2011-09-21,1143.1,1161.0,1130.25,1155.0,1156.6,2574644.0,29536.92
2011-09-20,1101.3,1149.9,1099.0,1149.9,1143.9,1521823.0,17148.57
2011-09-19,1124.8,1124.8,1099.0,1100.0,1104.65,1300820.0,14434.56
2011-09-16,1131.0,1140.95,1105.7,1133.4,1133.35,3263502.0,36791.34
2011-09-15,1096.7,1123.0,1066.65,1122.45,1115.7,1905432.0,20783.81
2011-09-14,1055.0,1094.6,1043.25,1088.0,1088.7,2164644.0,23130.7
2011-09-13,1055.3,1078.55,1039.0,1048.35,1049.85,1550047.0,16426.78
2011-09-12,1090.0,1092.0,1042.5,1047.0,1051.55,1406050.0,14946.01
2011-09-09,1147.2,1153.9,1096.3,1096.3,1103.3,2311891.0,25974.61
2011-09-08,1141.55,1160.85,1126.4,1152.0,1150.55,2489945.0,28550.63
2011-09-07,1141.5,1159.0,1138.95,1142.5,1143.45,2019630.0,23230.64
2011-09-06,1109.0,1149.0,1085.1,1134.9,1140.45,3018336.0,33632.07
2011-09-05,1073.6,1124.75,1058.0,1120.0,1114.45,2747411.0,30087.24
2011-09-02,1104.0,1109.7,1048.1,1088.0,1080.4,2218144.0,23675.25
2011-08-30,1060.0,1080.0,1054.95,1074.0,1072.75,1885385.0,20140.26
2011-08-29,1019.0,1051.95,1015.5,1044.0,1039.45,2216055.0,22941.46
2011-08-26,1025.95,1031.85,991.8,999.0,1000.3,2196043.0,22214.05
2011-08-25,1055.0,1063.7,1005.2,1024.7,1019.25,3869192.0,39672.87
2011-08-24,1078.55,1114.4,1036.0,1036.0,1049.7,2479119.0,26759.55
2011-08-23,1058.0,1102.9,1051.0,1082.0,1083.55,2538610.0,27380.33
2011-08-22,1075.15,1078.0,1026.2,1056.7,1051.1,2498301.0,26117.31
2011-08-19,1098.15,1100.0,1041.0,1072.7,1069.6,3193210.0,34200.44
2011-08-18,1171.8,1172.9,1098.4,1108.0,1109.25,2586649.0,28929.5
2011-08-17,1207.25,1226.65,1167.15,1168.65,1169.8,2164821.0,25700.52
2011-08-16,1226.95,1230.75,1206.65,1225.0,1212.45,1436900.0,17501.34
2011-08-12,1229.5,1230.75,1193.2,1209.0,1209.25,1596146.0,19378.68
2011-08-11,1237.0,1252.5,1206.2,1212.0,1210.85,1869862.0,23018.27
2011-08-10,1242.0,1253.7,1225.3,1250.0,1250.1,1903396.0,23642.14
2011-08-09,1190.5,1238.3,1180.9,1212.0,1205.2,3618186.0,43637.64
2011-08-08,1205.2,1265.8,1200.55,1243.85,1235.45,1660178.0,20468.79
2011-08-05,1245.0,1252.5,1200.0,1247.55,1242.05,3125692.0,38417.66
2011-08-04,1303.6,1312.8,1281.0,1284.0,1285.95,1569675.0,20359.33
2011-08-03,1330.7,1330.7,1292.75,1304.2,1301.15,1833923.0,23886.1
2011-08-02,1345.0,1347.95,1326.1,1340.2,1342.8,970086.0,12941.66
2011-08-01,1349.0,1367.55,1346.5,1347.5,1353.0,1226610.0,16645.35
2011-07-29,1300.0,1342.0,1292.4,1341.0,1337.5,1850972.0,24533.87
2011-07-28,1285.0,1307.95,1285.0,1305.0,1301.5,1353005.0,17548.5
2011-07-27,1322.0,1324.85,1293.75,1302.8,1300.5,1429725.0,18620.6
2011-07-26,1335.0,1340.0,1305.6,1320.0,1319.55,2190303.0,28920.23
2011-07-25,1294.7,1340.0,1293.35,1339.5,1337.25,2430128.0,32206.68
2011-07-22,1247.25,1312.0,1241.0,1296.0,1296.9,4217583.0,54194.65
2011-07-21,1259.3,1261.9,1232.0,1241.55,1239.6,2440745.0,30306.76
2011-07-20,1279.2,1281.55,1260.0,1261.7,1262.65,936200.0,11880.25
2011-07-19,1267.7,1278.0,1263.0,1271.5,1273.05,710784.0,9041.01
2011-07-18,1265.25,1269.5,1252.1,1267.0,1262.5,794889.0,10019.31
2011-07-15,1281.0,1286.85,1262.55,1269.0,1267.9,557960.0,7090.11
2011-07-14,1266.6,1294.2,1265.0,1276.2,1279.25,814482.0,10434.15
2011-07-13,1269.0,1283.9,1262.7,1276.65,1271.8,960276.0,12241.26
2011-07-12,1254.4,1272.25,1245.2,1265.9,1266.4,1443199.0,18155.02
2011-07-11,1306.0,1306.0,1260.05,1263.65,1263.95,1286456.0,16388.77
2011-07-08,1334.1,1337.9,1302.8,1306.5,1305.95,854488.0,11259.7
2011-07-07,1312.95,1335.0,1309.6,1334.9,1331.7,574084.0,7599.79
2011-07-06,1326.25,1330.6,1306.0,1312.0,1310.15,538234.0,7081.59
2011-07-05,1339.5,1339.5,1320.05,1326.5,1327.95,780888.0,10361.3
2011-07-04,1323.9,1337.7,1312.55,1337.2,1334.2,878836.0,11659.96
2011-07-01,1314.0,1315.0,1293.0,1312.0,1309.15,855494.0,11148.17
2011-06-30,1295.7,1306.0,1281.1,1284.5,1289.55,1511499.0,19516.04
2011-06-29,1312.0,1316.0,1286.6,1293.5,1293.55,1337460.0,17394.71
2011-06-28,1311.05,1312.1,1290.25,1306.0,1302.9,1376817.0,17919.58
2011-06-27,1267.0,1312.4,1250.0,1311.0,1306.4,1751561.0,22705.58
2011-06-24,1251.0,1278.0,1249.95,1275.0,1272.25,1089884.0,13835.68
2011-06-23,1247.35,1252.0,1232.85,1243.75,1244.35,954141.0,11866.43
2011-06-22,1253.0,1267.6,1245.0,1253.0,1254.65,1429712.0,17948.95
2011-06-21,1231.0,1260.0,1226.4,1245.0,1241.85,1295258.0,16132.0
2011-06-20,1225.0,1237.5,1201.0,1230.0,1226.4,1426140.0,17474.69
2011-06-17,1244.7,1244.7,1213.5,1224.0,1222.55,1261081.0,15449.75
2011-06-16,1219.95,1230.0,1205.3,1222.2,1217.85,2721246.0,33091.66
2011-06-15,1259.7,1260.0,1221.0,1224.55,1224.4,1256065.0,15564.66
2011-06-14,1235.0,1264.2,1235.0,1262.6,1260.05,1054703.0,13205.95
2011-06-13,1230.2,1238.0,1217.0,1232.4,1233.3,1111075.0,13646.37
2011-06-10,1242.0,1246.0,1225.0,1231.95,1235.15,812045.0,10026.14
2011-06-09,1229.9,1252.15,1229.0,1246.35,1246.4,1049055.0,13022.45
2011-06-08,1230.9,1236.0,1217.15,1231.7,1228.75,1382341.0,16961.58
2011-06-07,1227.0,1252.9,1224.75,1245.8,1244.65,1043816.0,12980.86
2011-06-06,1242.0,1242.0,1208.15,1235.1,1235.45,1886949.0,23135.94
2011-06-03,1272.0,1288.0,1224.0,1243.0,1242.75,1413508.0,17794.67
2011-06-02,1255.1,1285.0,1255.1,1280.0,1273.75,867797.0,11037.26
2011-06-01,1282.25,1291.75,1265.2,1277.25,1278.25,792282.0,10133.07
2011-05-31,1251.9,1289.0,1251.0,1280.0,1282.5,2182281.0,27745.04
2011-05-30,1224.0,1248.0,1224.0,1245.65,1245.25,1199619.0,14863.34
2011-05-27,1214.95,1228.0,1206.25,1218.7,1220.6,1634164.0,19911.87
2011-05-26,1194.5,1212.0,1184.5,1209.5,1208.4,1261162.0,15102.79
2011-05-25,1203.9,1203.9,1175.0,1183.85,1181.65,1327550.0,15715.09
2011-05-24,1195.0,1215.0,1186.5,1204.1,1202.4,1259326.0,15133.23
2011-05-23,1215.0,1218.05,1183.0,1183.0,1188.0,1519123.0,18140.28
2011-05-20,1224.0,1231.5,1208.0,1220.05,1220.9,1253819.0,15313.2
2011-05-19,1230.0,1230.0,1207.15,1215.05,1214.65,707675.0,8600.14
2011-05-18,1223.0,1232.0,1202.2,1218.45,1217.95,1296354.0,15759.07
2011-05-17,1226.1,1241.5,1206.55,1219.0,1219.4,1143355.0,13965.37
2011-05-16,1241.6,1241.6,1218.2,1223.9,1224.4,793289.0,9725.04
2011-05-13,1210.5,1259.8,1208.65,1246.8,1244.7,2002243.0,24864.25
2011-05-12,1223.0,1239.85,1201.0,1209.1,1205.65,1302309.0,15862.55
2011-05-11,1225.0,1244.75,1224.0,1230.0,1228.25,1655062.0,20415.53
2011-05-10,1239.95,1242.5,1218.0,1228.35,1228.7,1482566.0,18241.07
2011-05-09,1260.1,1268.55,1231.25,1234.2,1237.75,1015377.0,12616.14
2011-05-06,1212.0,1264.9,1212.0,1257.2,1258.2,2316334.0,28823.46
2011-05-05,1239.9,1249.0,1202.65,1206.0,1209.85,1652077.0,20193.15
2011-05-04,1229.5,1249.0,1215.0,1235.0,1235.6,2835837.0,34962.84
2011-05-03,1273.7,1295.5,1210.55,1236.5,1230.4,4423229.0,55148.1
2011-05-02,1297.9,1298.0,1260.1,1273.8,1276.45,1873540.0,23915.5
2011-04-29,1338.0,1342.8,1270.3,1287.05,1286.6,3098248.0,40188.18
2011-04-28,1354.9,1354.9,1324.1,1341.5,1333.7,2127035.0,28487.8
2011-04-27,1371.2,1372.0,1333.0,1344.05,1343.85,1927097.0,25929.48
2011-04-26,1387.8,1387.8,1338.65,1352.6,1356.35,2818608.0,38176.27
2011-04-25,1398.0,1408.5,1371.0,1377.6,1377.3,4101749.0,56902.64
2011-04-21,1449.0,1457.8,1438.65,1449.0,1447.55,984845.0,14259.06
2011-04-20,1422.0,1452.8,1415.0,1451.5,1448.0,756970.0,10848.51
2011-04-19,1384.0,1416.8,1382.2,1409.5,1409.35,861105.0,12079.33
2011-04-18,1430.0,1450.0,1384.4,1390.55,1389.8,1421665.0,20059.79
2011-04-15,1426.05,1457.9,1421.6,1428.25,1429.9,1382505.0,19846.25
2011-04-13,1395.0,1445.9,1394.35,1444.9,1438.3,1172077.0,16705.85
2011-04-11,1437.2,1439.9,1403.95,1406.05,1409.85,1577093.0,22347.01
2011-04-08,1446.0,1460.45,1435.25,1457.5,1449.7,1565244.0,22655.64
2011-04-07,1430.0,1458.0,1416.7,1447.45,1445.75,1257062.0,18124.49
2011-04-06,1420.0,1441.7,1415.0,1432.0,1428.95,1694291.0,24198.84
2011-04-05,1448.0,1448.0,1409.1,1419.05,1424.75,1007374.0,14335.88
2011-04-04,1411.1,1441.9,1407.0,1434.0,1432.1,1091468.0,15587.56
2011-04-01,1410.3,1417.0,1378.6,1411.0,1407.75,1069318.0,14935.72
2011-03-31,1429.0,1443.55,1386.05,1406.0,1403.85,2618567.0,36959.4
2011-03-30,1426.9,1432.15,1413.55,1429.0,1426.45,1174433.0,16719.22
2011-03-29,1377.6,1431.75,1377.6,1429.0,1422.15,2493596.0,35198.72
2011-03-28,1370.0,1392.3,1365.05,1384.0,1384.25,1456980.0,20158.57
2011-03-25,1342.8,1369.9,1326.95,1366.0,1364.95,1947999.0,26359.53
2011-03-24,1318.2,1334.4,1307.55,1317.75,1319.45,1208316.0,15959.84
2011-03-23,1295.0,1317.5,1291.35,1315.1,1315.4,924235.0,12099.71
2011-03-22,1288.0,1305.0,1278.0,1298.0,1295.9,775686.0,10044.01
2011-03-21,1288.0,1290.0,1261.1,1282.5,1279.35,588554.0,7514.08
2011-03-18,1298.0,1300.0,1261.1,1275.0,1269.2,1549179.0,19746.31
2011-03-17,1300.0,1328.35,1286.3,1293.15,1291.1,1689672.0,22014.31
2011-03-16,1290.0,1325.0,1290.0,1315.05,1318.6,1492511.0,19610.42
2011-03-15,1253.35,1299.8,1245.7,1285.6,1282.95,1490386.0,19084.35
2011-03-14,1266.0,1296.9,1266.0,1295.0,1290.35,968755.0,12437.87
2011-03-11,1276.0,1297.0,1258.3,1266.0,1265.7,1268319.0,16149.33
2011-03-10,1297.15,1297.15,1275.0,1285.6,1285.05,694119.0,8902.46
2011-03-09,1317.0,1329.55,1292.0,1295.7,1300.95,1333258.0,17455.72
2011-03-08,1286.0,1318.0,1283.1,1316.0,1311.5,986796.0,12865.09
2011-03-07,1305.0,1310.0,1266.0,1284.0,1283.4,1115941.0,14318.53
2011-03-04,1324.4,1341.0,1313.15,1331.1,1328.3,1629482.0,21642.69
2011-03-03,1278.0,1320.0,1261.1,1314.1,1309.8,2269095.0,29275.03
2011-03-01,1235.0,1299.0,1233.45,1298.0,1288.8,1411011.0,17916.77
2011-02-28,1233.0,1293.3,1212.0,1212.0,1218.55,1839901.0,22930.44
2011-02-25,1205.9,1244.0,1193.75,1240.55,1232.5,1679658.0,20414.4
2011-02-24,1243.0,1251.0,1180.0,1194.7,1190.35,2009530.0,24310.39
2011-02-23,1259.95,1279.0,1251.3,1256.4,1255.0,939210.0,11879.82
2011-02-22,1271.3,1294.0,1258.0,1261.4,1264.65,1025733.0,13062.46
2011-02-21,1290.0,1313.0,1278.0,1309.0,1306.95,1077947.0,13994.93
2011-02-18,1318.0,1341.3,1290.05,1296.0,1296.8,2099458.0,27615.45
2011-02-17,1348.85,1348.85,1292.05,1325.0,1317.5,1475778.0,19331.01
2011-02-16,1265.15,1305.0,1265.15,1299.0,1296.8,1648304.0,21323.96
2011-02-15,1277.4,1288.3,1250.3,1272.5,1274.8,1399151.0,17787.4
2011-02-14,1207.1,1275.9,1207.1,1275.9,1270.05,1310413.0,16432.76
2011-02-11,1165.1,1229.7,1163.15,1226.0,1221.7,1441279.0,17192.53
2011-02-10,1156.1,1194.8,1150.0,1163.8,1165.55,1883525.0,22035.45
2011-02-09,1185.0,1195.05,1150.0,1169.9,1160.65,1759397.0,20658.04
2011-02-08,1225.1,1234.0,1182.1,1192.25,1190.7,1266946.0,15197.63
2011-02-07,1242.4,1242.4,1215.25,1235.0,1228.55,982536.0,12082.01
2011-02-04,1245.35,1268.3,1212.2,1214.0,1222.6,1810354.0,22458.54
2011-02-03,1218.0,1263.4,1218.0,1256.0,1256.35,983587.0,12273.02
2011-02-02,1255.0,1257.0,1216.05,1220.25,1225.05,1709919.0,21051.35
2011-02-01,1253.65,1257.65,1234.0,1238.0,1242.65,1620065.0,20188.18
2011-01-31,1232.05,1262.8,1228.65,1241.0,1242.2,1944281.0,24226.98
2011-01-28,1300.0,1304.4,1243.45,1259.35,1253.5,2604734.0,32914.04
2011-01-27,1314.0,1326.0,1287.0,1290.0,1298.95,2875539.0,37804.62
2011-01-25,1328.0,1344.0,1293.75,1295.15,1297.2,2648349.0,34958.5
2011-01-24,1289.0,1344.75,1289.0,1318.0,1325.75,3262159.0,43336.87
2011-01-21,1275.0,1293.65,1266.0,1279.0,1287.05,2037127.0,26178.5
2011-01-20,1274.0,1333.45,1255.0,1286.0,1285.1,2582837.0,33199.77
2011-01-19,1280.0,1297.0,1268.0,1281.0,1280.1,1591785.0,20427.64
2011-01-18,1230.15,1297.95,1230.15,1280.1,1278.25,2940254.0,37449.0
2011-01-17,1212.0,1240.0,1200.1,1230.0,1229.0,2063871.0,25308.64
2011-01-14,1269.8,1277.0,1195.0,1206.1,1201.6,2692770.0,33213.65
2011-01-13,1308.5,1327.6,1261.1,1266.9,1265.45,1144848.0,14739.22
2011-01-12,1305.95,1322.85,1290.0,1309.0,1313.35,2592040.0,33855.93
2011-01-11,1260.1,1325.5,1260.0,1310.0,1300.2,2508622.0,32294.62
2011-01-10,1285.0,1305.0,1246.3,1255.0,1254.6,1614057.0,20652.06
2011-01-07,1300.35,1300.35,1263.9,1276.0,1280.65,2409583.0,30923.43
2011-01-06,1316.35,1322.1,1300.0,1305.0,1305.85,793434.0,10373.04
2011-01-05,1351.0,1351.0,1303.0,1313.0,1310.9,1749878.0,23035.37
2011-01-04,1372.9,1376.6,1343.5,1350.05,1347.95,1383815.0,18743.4
2011-01-03,1365.0,1372.0,1342.3,1366.0,1367.65,1053220.0,14338.85
2010-12-31,1336.75,1358.0,1331.9,1347.7,1350.1,902611.0,12181.78
2010-12-30,1320.0,1338.7,1305.1,1331.0,1333.8,1410092.0,18671.57
2010-12-29,1290.55,1315.0,1290.55,1312.3,1312.4,788582.0,10297.56
2010-12-28,1321.9,1321.9,1286.55,1288.0,1288.9,714182.0,9262.69
2010-12-27,1329.4,1330.0,1310.1,1316.0,1316.6,415449.0,5477.3
2010-12-24,1300.0,1324.8,1300.0,1324.0,1322.0,518834.0,6821.33
2010-12-23,1322.8,1322.8,1309.65,1313.1,1314.1,566107.0,7436.97
2010-12-22,1328.0,1329.5,1304.2,1316.65,1311.65,1171119.0,15415.96
2010-12-21,1280.9,1323.9,1280.0,1316.0,1318.35,1862798.0,24406.26
2010-12-20,1310.0,1310.0,1266.85,1267.3,1270.9,1471260.0,18848.28
2010-12-16,1304.65,1319.7,1285.1,1307.1,1309.35,1938887.0,25317.65
2010-12-15,1300.0,1321.0,1280.05,1294.0,1297.6,1995674.0,25953.57
2010-12-14,1333.8,1334.9,1285.2,1303.3,1303.35,2513689.0,32724.35
2010-12-13,1340.0,1355.0,1293.1,1317.0,1320.65,1774092.0,23449.4
2010-12-10,1253.0,1330.0,1248.0,1327.7,1323.55,2103044.0,27345.79
2010-12-09,1262.4,1299.0,1229.7,1260.0,1245.75,3133521.0,39924.82
2010-12-08,1319.0,1319.0,1243.3,1251.0,1251.5,4293576.0,54516.29
2010-12-07,1385.0,1385.05,1307.5,1331.0,1324.5,2431914.0,32268.39
2010-12-06,1424.7,1424.7,1376.0,1379.5,1382.45,937766.0,13129.42
2010-12-03,1455.35,1455.35,1388.85,1409.0,1406.15,1603168.0,22603.15
2010-12-02,1441.0,1461.0,1423.15,1453.0,1455.35,1329574.0,19136.96
2010-12-01,1370.05,1428.9,1370.0,1427.2,1424.45,1101487.0,15492.02
2010-11-30,1329.0,1389.8,1315.2,1367.95,1366.85,1306098.0,17733.94
2010-11-29,1348.95,1349.0,1321.0,1329.0,1329.1,1094087.0,14571.39
2010-11-26,1341.0,1367.25,1297.0,1327.45,1330.9,1470206.0,19571.26
2010-11-25,1385.2,1395.7,1336.1,1347.0,1342.9,2293068.0,31118.76
2010-11-24,1428.0,1430.95,1370.0,1379.1,1384.8,986465.0,13931.93
2010-11-23,1421.0,1427.0,1380.3,1421.5,1421.7,1414827.0,19856.52
2010-11-22,1400.0,1453.8,1370.0,1428.0,1430.6,2764172.0,39075.82
2010-11-19,1431.15,1431.15,1370.05,1382.0,1384.7,2683260.0,37486.96
2010-11-18,1499.0,1499.0,1389.0,1431.5,1426.0,5100637.0,72789.91
2010-11-16,1533.75,1533.95,1445.0,1461.8,1469.15,1447541.0,21322.86
2010-11-15,1500.25,1535.0,1485.05,1514.0,1521.7,646911.0,9818.48
2010-11-12,1528.0,1528.0,1481.45,1491.2,1492.0,908959.0,13626.31
2010-11-11,1546.0,1559.8,1517.5,1525.0,1522.4,633559.0,9753.93
2010-11-10,1567.0,1567.0,1536.3,1545.9,1543.4,700695.0,10855.71
2010-11-09,1555.0,1566.75,1541.0,1560.0,1562.3,772011.0,12004.67
2010-11-08,1559.0,1584.0,1538.6,1554.0,1555.9,1296521.0,20264.52
2010-11-05,1555.0,1558.85,1543.0,1549.0,1549.85,73352.0,1138.27
2010-11-04,1550.7,1555.5,1538.1,1539.8,1544.4,533182.0,8243.06
2010-11-03,1528.15,1543.6,1528.0,1540.0,1536.1,532916.0,8182.41
2010-11-02,1524.0,1537.5,1513.05,1528.0,1526.6,1013100.0,15465.95
2010-11-01,1488.9,1524.35,1482.1,1516.0,1513.6,1028011.0,15499.62
2010-10-29,1448.8,1483.0,1431.05,1470.0,1471.05,1209283.0,17588.15
2010-10-28,1455.5,1471.2,1440.0,1442.7,1444.8,1935296.0,28114.9
2010-10-27,1460.5,1462.7,1438.05,1446.0,1447.05,702438.0,10164.98
2010-10-26,1470.0,1470.25,1455.25,1461.85,1459.5,883939.0,12922.47
2010-10-25,1467.0,1490.0,1460.0,1469.0,1464.55,939280.0,13843.02
2010-10-22,1513.85,1513.85,1461.0,1465.0,1464.0,926228.0,13675.53
2010-10-21,1470.0,1513.25,1460.0,1496.0,1506.3,1934851.0,28828.21
2010-10-20,1465.0,1477.0,1451.0,1455.2,1455.2,1050854.0,15384.92
2010-10-19,1489.0,1497.3,1462.05,1463.8,1468.5,1640561.0,24256.12
2010-10-18,1427.0,1499.0,1427.0,1488.0,1481.95,2240881.0,33033.2
2010-10-15,1565.0,1575.0,1496.1,1505.15,1502.05,2506589.0,37994.14
2010-10-14,1595.0,1608.5,1557.25,1561.0,1563.9,1901910.0,30190.96
2010-10-13,1551.0,1594.65,1547.05,1591.7,1588.75,1027258.0,16172.0
2010-10-12,1565.85,1565.9,1525.1,1547.8,1543.2,849853.0,13062.43
2010-10-11,1576.2,1605.5,1538.15,1548.1,1550.85,2004183.0,31439.07
2010-10-08,1572.0,1583.7,1556.1,1576.0,1570.35,1166059.0,18299.45
2010-10-07,1562.25,1583.0,1561.0,1566.15,1568.7,971865.0,15265.73
2010-10-06,1590.0,1598.7,1552.4,1564.9,1562.25,1356451.0,21313.27
2010-10-05,1577.1,1590.4,1570.1,1577.0,1575.3,866991.0,13706.12
2010-10-04,1582.0,1596.2,1571.1,1574.15,1577.1,737526.0,11668.63
2010-10-01,1538.0,1584.0,1538.0,1580.0,1574.85,1062768.0,16611.85
2010-09-30,1510.45,1542.95,1487.45,1531.65,1536.6,2183657.0,33323.81
2010-09-29,1450.2,1522.35,1450.2,1509.7,1510.4,1287923.0,19445.45
2010-09-28,1504.0,1519.9,1492.4,1510.7,1505.3,1397148.0,21019.82
2010-09-27,1519.95,1526.8,1493.2,1502.25,1507.15,898073.0,13588.66
2010-09-24,1496.2,1512.95,1475.4,1502.95,1506.85,1726942.0,25787.26
2010-09-23,1532.0,1539.7,1489.7,1492.0,1495.25,1661075.0,25126.61
2010-09-22,1536.0,1552.0,1515.0,1529.0,1529.7,1529892.0,23409.16
2010-09-21,1550.5,1582.55,1525.15,1535.0,1530.75,2091577.0,32379.38
2010-09-20,1505.0,1567.0,1488.2,1564.0,1546.85,1429001.0,21631.89
2010-09-17,1485.05,1513.0,1481.0,1505.0,1506.5,1286639.0,19310.72
2010-09-16,1470.0,1523.0,1462.15,1485.0,1484.8,2014018.0,30045.86
2010-09-15,1429.0,1475.0,1426.0,1475.0,1470.0,1692129.0,24666.75
2010-09-14,1430.5,1437.0,1405.6,1428.3,1426.3,1205896.0,17160.87
2010-09-13,1386.0,1432.85,1386.0,1422.75,1426.2,1289414.0,18306.92
2010-09-09,1385.0,1391.9,1367.3,1374.05,1379.4,773143.0,10653.22
2010-09-08,1390.0,1392.7,1373.1,1378.55,1381.25,1031056.0,14237.98
2010-09-07,1396.0,1406.4,1377.0,1393.0,1397.5,844266.0,11749.22
2010-09-06,1384.0,1405.5,1383.2,1394.8,1394.65,1011487.0,14117.56
2010-09-03,1400.0,1400.0,1365.5,1379.0,1379.65,702622.0,9683.84
2010-09-02,1359.1,1395.8,1359.1,1386.75,1388.05,1595855.0,22052.3
2010-09-01,1330.65,1359.0,1330.65,1351.35,1354.1,906996.0,12191.53
2010-08-31,1276.85,1340.0,1150.0,1329.0,1330.65,863702.0,11368.95
2010-08-30,1332.0,1349.0,1312.0,1331.95,1323.95,695831.0,9264.61
2010-08-27,1367.0,1383.25,1318.6,1321.0,1326.95,945253.0,12776.77
2010-08-26,1363.0,1375.0,1350.0,1361.2,1367.8,1437661.0,19626.54
2010-08-25,1364.0,1381.0,1357.9,1363.5,1361.7,1315601.0,18008.45
2010-08-24,1375.0,1385.0,1357.9,1373.0,1372.15,1083054.0,14831.48
2010-08-23,1367.0,1385.7,1360.4,1378.0,1381.25,730367.0,10035.82
2010-08-20,1358.0,1375.0,1352.55,1363.8,1367.0,924946.0,12635.22
2010-08-19,1358.0,1366.0,1342.0,1359.1,1363.55,936843.0,12703.43
2010-08-18,1330.75,1359.0,1320.0,1359.0,1353.25,1261419.0,16837.54
2010-08-17,1337.0,1343.55,1323.3,1334.1,1330.75,915432.0,12199.74
2010-08-16,1330.5,1346.7,1323.6,1333.15,1336.6,995518.0,13279.74
2010-08-13,1320.0,1336.0,1320.0,1332.2,1328.2,906967.0,12055.03
2010-08-12,1280.0,1319.85,1274.85,1318.0,1315.6,1195305.0,15580.77
2010-08-11,1294.9,1301.5,1276.65,1291.6,1289.1,1324664.0,17045.73
2010-08-10,1310.0,1315.0,1288.5,1291.7,1294.9,1348168.0,17564.14
2010-08-09,1314.3,1321.8,1294.0,1310.3,1309.8,1572650.0,20551.12
2010-08-06,1317.75,1330.8,1305.75,1317.0,1314.3,662095.0,8746.22
2010-08-05,1334.5,1344.05,1312.05,1316.25,1316.6,1346929.0,17891.02
2010-08-04,1360.0,1363.35,1325.1,1331.85,1331.4,1180571.0,15783.68
2010-08-03,1350.75,1371.6,1345.3,1355.0,1356.0,990716.0,13495.11
2010-08-02,1350.1,1361.7,1340.15,1352.2,1350.75,944754.0,12752.61
2010-07-30,1360.0,1367.0,1337.0,1346.0,1343.45,932237.0,12606.96
2010-07-29,1350.0,1375.0,1342.55,1369.0,1365.6,1509004.0,20498.82
2010-07-28,1384.0,1384.0,1341.0,1349.0,1349.95,1400048.0,18974.38
2010-07-27,1387.0,1395.95,1368.0,1371.7,1374.45,1626816.0,22454.76
2010-07-26,1390.0,1396.75,1375.0,1384.25,1385.85,1113190.0,15402.1
2010-07-23,1365.0,1395.0,1365.0,1391.95,1389.95,2438091.0,33727.82
2010-07-22,1340.25,1367.8,1335.0,1355.0,1356.8,1492124.0,20232.97
2010-07-21,1371.0,1375.0,1336.8,1345.95,1347.15,1164255.0,15702.44
2010-07-20,1365.25,1389.0,1358.5,1361.0,1368.95,1610253.0,22144.25
2010-07-19,1355.0,1367.0,1343.35,1356.1,1360.8,1461949.0,19853.45
2010-07-16,1360.0,1368.9,1337.4,1355.0,1357.15,2303112.0,31231.04
2010-07-15,1350.0,1355.5,1315.6,1346.7,1350.3,3188853.0,42583.97
2010-07-14,1308.0,1325.95,1304.1,1314.0,1314.45,1695095.0,22309.58
2010-07-13,1288.5,1303.9,1273.15,1300.25,1299.7,760940.0,9841.12
2010-07-12,1277.25,1294.8,1265.55,1289.0,1288.3,862435.0,11057.25
2010-07-09,1249.55,1277.85,1248.95,1274.0,1273.1,1096803.0,13899.57
2010-07-08,1260.0,1260.35,1238.8,1238.8,1241.55,918276.0,11469.3
2010-07-07,1262.0,1262.0,1229.6,1236.25,1237.05,864282.0,10734.71
2010-07-06,1240.0,1258.9,1236.0,1251.95,1253.3,877356.0,10986.13
2010-07-05,1236.1,1245.0,1225.45,1236.0,1235.95,419595.0,5195.21
2010-07-02,1235.0,1248.0,1232.1,1232.2,1237.2,485624.0,6027.73
2010-07-01,1242.0,1242.0,1215.05,1234.25,1233.65,1167934.0,14330.72
2010-06-30,1225.0,1245.95,1222.1,1239.1,1242.4,1430782.0,17688.65
2010-06-29,1255.1,1259.1,1234.0,1242.1,1240.65,1079879.0,13463.91
2010-06-28,1251.0,1266.3,1242.0,1260.0,1261.95,796613.0,9992.04
2010-06-25,1261.0,1277.65,1237.4,1251.15,1249.1,1307561.0,16453.95
2010-06-24,1240.3,1268.5,1240.3,1267.0,1263.2,1841464.0,23189.04
2010-06-23,1225.3,1256.5,1225.3,1253.2,1249.4,1076305.0,13396.55
2010-06-22,1240.1,1257.9,1231.25,1236.9,1235.65,969098.0,12065.6
2010-06-21,1220.0,1252.1,1220.0,1247.0,1247.3,1405672.0,17474.79
2010-06-18,1215.0,1227.75,1202.3,1212.05,1211.5,2554189.0,31037.81
2010-06-17,1220.0,1223.0,1191.95,1216.55,1215.0,2225281.0,26866.89
2010-06-16,1250.0,1250.0,1215.1,1219.9,1220.6,1357457.0,16625.62
2010-06-15,1244.1,1256.5,1230.2,1242.0,1245.25,661876.0,8221.45
2010-06-14,1251.0,1262.0,1240.25,1252.2,1256.5,613978.0,7687.06
2010-06-11,1252.0,1260.15,1238.25,1240.35,1245.8,1405607.0,17514.09
2010-06-10,1239.65,1250.0,1220.25,1248.1,1248.0,1363598.0,16825.29
2010-06-09,1224.9,1253.9,1224.9,1236.7,1239.65,1562542.0,19410.62
2010-06-08,1214.4,1242.6,1214.4,1230.6,1226.2,1681502.0,20671.04
2010-06-07,1218.6,1225.0,1196.0,1216.5,1214.8,1424594.0,17227.25
2010-06-04,1240.0,1258.0,1240.0,1245.0,1245.45,1454459.0,18176.71
2010-06-03,1211.0,1248.0,1211.0,1246.0,1242.3,1482919.0,18264.04
2010-06-02,1195.0,1206.95,1168.5,1198.0,1201.15,1307410.0,15556.5
2010-06-01,1235.0,1238.0,1177.0,1180.05,1181.7,1786082.0,21384.54
2010-05-31,1215.8,1238.0,1210.1,1235.7,1232.35,932554.0,11401.37
2010-05-28,1225.0,1238.0,1205.8,1224.0,1225.35,1549420.0,18929.18
2010-05-27,1157.0,1222.0,1147.15,1210.0,1215.8,2701512.0,32117.31
2010-05-26,1170.0,1192.0,1150.05,1158.1,1156.9,2861383.0,33380.6
2010-05-25,1187.8,1189.0,1155.0,1165.0,1163.9,1544617.0,18052.7
2010-05-24,1215.65,1240.0,1190.3,1193.95,1198.35,1017191.0,12394.04
2010-05-21,1180.75,1223.0,1172.95,1220.1,1215.65,1764687.0,21151.42
2010-05-20,1206.0,1228.0,1182.25,1208.3,1207.95,2308754.0,27814.02
2010-05-19,1243.0,1244.0,1193.35,1206.95,1205.05,2397393.0,29232.76
2010-05-18,1262.2,1269.7,1246.3,1255.0,1254.7,3319599.0,41692.69
2010-05-17,1270.0,1277.1,1230.5,1267.0,1262.2,3377258.0,42185.86
2010-05-14,1308.0,1312.8,1280.0,1289.0,1295.75,3799625.0,49159.4
2010-05-13,1295.0,1320.0,1293.0,1311.0,1311.55,1994635.0,26175.4
2010-05-12,1231.3,1298.0,1231.3,1288.0,1289.9,1813674.0,23202.3
2010-05-11,1249.0,1278.9,1244.25,1259.0,1259.35,1815840.0,22988.86
2010-05-10,1202.0,1258.9,1202.0,1258.9,1249.45,1598755.0,19776.95
2010-05-07,1205.2,1220.0,1182.2,1190.95,1191.15,1811023.0,21649.41
2010-05-06,1224.0,1252.8,1220.0,1235.0,1233.95,842449.0,10394.23
2010-05-05,1216.6,1251.6,1216.4,1248.8,1241.3,1345301.0,16658.44
2010-05-04,1262.1,1290.9,1244.25,1252.6,1249.45,1667415.0,21230.86
2010-05-03,1268.0,1282.95,1252.0,1261.45,1260.5,467664.0,5894.24
2010-04-30,1286.0,1286.0,1263.1,1266.55,1270.0,1112086.0,14150.33
2010-04-29,1258.85,1284.9,1258.85,1268.45,1274.1,2642086.0,33687.24
2010-04-28,1265.0,1269.95,1246.25,1253.3,1254.1,1220141.0,15374.76
2010-04-27,1273.0,1285.0,1257.2,1282.0,1276.55,1426990.0,18228.08
2010-04-26,1240.0,1287.0,1237.95,1277.1,1279.6,3365369.0,42888.39
2010-04-23,1224.5,1240.0,1221.6,1238.5,1235.9,1144011.0,14101.53
2010-04-22,1221.2,1242.0,1221.1,1225.7,1224.95,2760682.0,33928.44
2010-04-21,1195.0,1252.0,1195.0,1239.9,1237.4,5209435.0,64447.51
2010-04-20,1160.0,1195.0,1160.0,1194.5,1187.0,1799670.0,21211.9
2010-04-19,1140.0,1164.0,1128.2,1161.8,1159.3,1225933.0,14103.87
2010-04-16,1146.15,1159.7,1131.4,1140.95,1148.4,1124542.0,12922.61
2010-04-15,1165.0,1172.95,1142.0,1150.35,1148.3,1430556.0,16525.79
2010-04-13,1180.0,1180.0,1153.05,1158.0,1157.6,965174.0,11209.83
2010-04-12,1181.3,1188.4,1165.15,1177.0,1176.9,1434505.0,16900.1
2010-04-09,1160.0,1199.85,1157.5,1185.0,1183.45,2559419.0,30175.55
2010-04-08,1156.95,1165.5,1150.0,1151.5,1156.75,1348153.0,15605.9
2010-04-07,1182.0,1193.15,1148.3,1162.0,1164.3,3690875.0,42927.64
2010-04-06,1180.0,1183.9,1166.0,1174.1,1174.55,860496.0,10108.02
2010-04-05,1177.2,1183.0,1158.0,1175.0,1177.1,839008.0,9846.55
2010-04-01,1168.0,1184.2,1168.0,1172.0,1173.55,763263.0,8968.06
2010-03-31,1172.0,1184.7,1161.9,1171.5,1168.25,707646.0,8277.48
2010-03-30,1198.95,1212.0,1169.65,1174.0,1173.1,1066027.0,12656.25
2010-03-29,1197.0,1215.0,1185.0,1199.15,1198.95,1205706.0,14521.93
2010-03-26,1155.1,1197.95,1151.5,1186.35,1193.25,1805457.0,21218.95
2010-03-25,1152.1,1165.2,1146.8,1154.3,1154.8,1513156.0,17496.69
2010-03-23,1153.5,1171.9,1152.0,1163.0,1161.95,1252603.0,14562.5
2010-03-22,1100.0,1152.35,1100.0,1151.9,1146.5,1098538.0,12530.0
2010-03-19,1172.0,1172.0,1151.55,1153.5,1156.0,1226644.0,14183.22
2010-03-18,1145.3,1172.0,1144.1,1163.75,1163.8,1537854.0,17911.02
2010-03-17,1155.0,1157.45,1139.05,1148.25,1149.2,2425033.0,27848.74
2010-03-16,1139.0,1148.9,1132.5,1145.15,1144.9,1345188.0,15346.75
2010-03-15,1128.6,1154.3,1128.6,1146.0,1142.7,901565.0,10297.87
2010-03-12,1151.0,1161.6,1141.55,1152.0,1151.05,1948477.0,22478.56
2010-03-11,1127.4,1154.9,1127.4,1153.0,1151.35,1809188.0,20741.34
2010-03-10,1117.65,1135.0,1117.0,1132.9,1131.5,1239377.0,13986.51
2010-03-09,1045.0,1133.4,1045.0,1115.0,1117.65,904991.0,10109.46
2010-03-08,1144.25,1144.25,1107.1,1128.0,1129.3,3179385.0,35578.03
2010-03-05,1125.0,1139.5,1100.4,1101.4,1103.35,2632950.0,29322.82
2010-03-04,1150.0,1152.45,1112.5,1123.0,1121.65,2223723.0,25016.03
2010-03-03,1164.0,1174.95,1140.8,1149.0,1148.9,2273136.0,26300.4
2010-03-02,1131.0,1175.0,1130.0,1155.0,1155.0,2992706.0,34678.93
2010-02-26,1104.0,1137.0,1085.0,1123.05,1124.5,1623356.0,18156.91
2010-02-25,1096.1,1102.95,1081.55,1098.0,1096.25,1547763.0,16927.02
2010-02-24,1095.0,1110.95,1065.05,1096.0,1093.8,1720318.0,18748.75
2010-02-23,1100.0,1129.8,1088.7,1099.6,1098.15,2249941.0,25130.08
2010-02-22,1103.5,1115.0,1081.25,1108.5,1107.45,1743098.0,19273.95
2010-02-19,1072.0,1102.25,1071.0,1100.0,1094.5,2771256.0,30134.88
2010-02-18,1067.0,1116.3,1065.55,1091.0,1098.5,4971386.0,54475.36
2010-02-17,1034.0,1073.85,1032.0,1066.0,1067.3,2273282.0,24062.46
2010-02-16,1032.0,1041.7,1018.35,1026.6,1026.15,1327251.0,13599.34
2010-02-15,1033.0,1044.5,1010.0,1031.0,1028.85,909866.0,9385.0
2010-02-11,1030.0,1044.9,1028.4,1032.5,1033.2,815759.0,8458.26
2010-02-10,1044.0,1045.5,1020.1,1021.55,1024.65,1657271.0,17117.08
2010-02-09,1025.0,1057.0,1013.2,1033.15,1038.55,1845165.0,19162.2
2010-02-08,1025.0,1041.7,1001.0,1019.0,1022.7,1485293.0,15192.2
2010-02-06,1030.0,1037.65,1026.1,1032.3,1030.75,139372.0,1436.26
2010-02-05,1033.7,1038.0,995.1,1037.0,1025.7,2442482.0,24728.84
2010-02-04,1059.9,1068.95,1045.0,1048.2,1048.45,1317167.0,13931.34
2010-02-03,1045.55,1077.0,1024.05,1061.0,1071.0,2652143.0,28157.19
2010-02-02,1065.2,1082.0,1030.25,1030.25,1037.3,1776677.0,18599.64
2010-02-01,1026.0,1072.0,1005.0,1064.0,1062.55,2136090.0,22327.3
2010-01-29,1009.95,1045.0,988.2,1023.6,1025.7,3078497.0,31325.7
2010-01-28,978.0,1030.0,978.0,1017.75,1018.8,2869552.0,28831.98
2010-01-27,1003.1,1009.65,965.15,973.05,972.75,2425515.0,23816.25
2010-01-25,1026.0,1029.65,1005.15,1014.95,1018.7,1048612.0,10650.18
2010-01-22,1045.0,1057.9,1025.0,1026.95,1031.65,1455147.0,15118.14
2010-01-21,1085.0,1091.0,1050.0,1060.0,1061.25,1462619.0,15544.11
2010-01-20,1107.0,1118.85,1080.2,1085.0,1083.75,1316969.0,14376.61
2010-01-19,1177.7,1177.7,1093.1,1107.2,1105.75,1613897.0,17804.38
2010-01-18,1070.0,1113.0,1060.7,1113.0,1107.65,2006720.0,21973.15
2010-01-15,1080.0,1093.4,1065.2,1076.25,1077.8,3272539.0,35303.31
2010-01-14,1044.8,1079.0,1041.9,1066.5,1066.1,2149282.0,22914.6
2010-01-13,1041.5,1048.85,1026.55,1032.4,1040.3,2100740.0,21770.56
2010-01-12,1048.0,1075.0,1031.0,1049.0,1049.3,2870381.0,30221.91
2010-01-11,1019.0,1053.0,1015.1,1047.0,1049.4,2019301.0,20980.23
2010-01-08,1003.0,1019.9,996.35,1013.6,1015.95,1586285.0,16031.78
2010-01-07,996.45,1006.0,989.1,1005.0,1002.85,992905.0,9923.54
2010-01-06,1020.0,1028.7,992.55,993.0,995.8,1190717.0,11936.75
2010-01-05,998.0,1020.0,995.7,1014.15,1012.8,1525876.0,15441.3
2010-01-04,993.9,999.95,988.1,990.0,992.1,874302.0,8687.67
2009-12-31,985.0,993.5,978.1,988.2,989.2,1247008.0,12322.48
2009-12-30,984.75,987.0,970.1,979.0,981.4,1011654.0,9893.15
2009-12-29,991.85,997.85,982.25,985.3,984.75,710957.0,7038.1
2009-12-24,984.0,991.85,975.2,988.0,987.35,1024785.0,10101.97
2009-12-23,971.0,985.0,966.8,982.0,982.4,1321535.0,12921.96
2009-12-22,955.0,973.45,955.0,971.0,970.2,1649671.0,15983.46
2009-12-21,939.0,960.0,926.0,953.6,954.3,1712535.0,16202.61
2009-12-18,940.0,953.5,928.55,935.8,934.3,1531195.0,14419.51
2009-12-17,932.1,949.0,915.8,940.8,941.75,3004119.0,27976.75
2009-12-16,957.0,957.0,931.9,937.0,937.25,2996210.0,28304.87
2009-12-15,989.5,1001.1,954.0,957.0,959.7,1935976.0,18909.81
2009-12-14,1003.0,1013.0,989.5,994.05,994.65,1108154.0,11098.49
2009-12-11,1026.0,1033.15,997.85,1003.2,1003.75,1159922.0,11730.11
2009-12-10,1014.9,1030.0,1001.6,1021.95,1021.35,1370556.0,13946.22
2009-12-09,1015.0,1032.45,1009.9,1016.3,1015.85,1053088.0,10736.78
2009-12-08,1009.0,1047.4,1000.0,1037.1,1039.7,1764977.0,18141.73
2009-12-07,1030.0,1036.9,1003.3,1008.3,1009.05,962491.0,9781.47
2009-12-04,1035.0,1044.8,1020.0,1030.1,1027.05,1003950.0,10356.48
2009-12-03,1054.5,1064.0,1037.0,1050.5,1049.6,1128898.0,11885.72
2009-12-02,1041.0,1052.8,1032.45,1046.1,1047.45,1613711.0,16858.74
2009-12-01,1010.0,1040.0,1005.5,1038.8,1036.85,1674234.0,17189.89
2009-11-30,985.0,1011.05,984.0,999.0,999.4,1468304.0,14680.75
2009-11-27,980.0,990.0,937.0,963.2,971.2,1831950.0,17599.21
2009-11-26,1017.0,1037.95,992.05,998.1,997.35,2711776.0,27628.63
2009-11-25,1000.0,1022.0,996.55,1017.25,1016.65,2390116.0,24221.36
2009-11-24,1008.0,1008.0,981.05,998.3,1000.1,1194076.0,11889.61
2009-11-23,990.0,1007.5,990.0,996.5,999.4,1103670.0,11059.54
2009-11-20,981.0,999.0,955.1,993.9,992.05,1850679.0,18103.73
2009-11-19,994.0,1005.0,978.0,990.0,986.55,1170092.0,11624.22
2009-11-18,995.0,1005.0,993.75,1002.0,999.15,1017601.0,10173.85
2009-11-17,1025.0,1025.0,985.0,1000.0,1002.2,1316582.0,13084.02
2009-11-16,1001.0,1011.9,995.5,1001.6,1001.25,1766271.0,17734.94
2009-11-13,979.2,1002.0,970.55,996.6,996.1,2445241.0,24207.22
2009-11-12,1007.0,1008.95,972.0,983.0,980.1,2818891.0,27833.05
2009-11-11,992.4,1010.0,985.0,1005.0,1005.2,1613098.0,16175.79
2009-11-10,1024.0,1028.0,988.8,997.05,996.4,2410118.0,24221.04
2009-11-09,915.5,1005.0,915.5,998.75,998.0,3972105.0,38908.89
2009-11-06,921.0,948.7,921.0,938.15,937.9,1886150.0,17675.5
2009-11-05,925.0,934.9,890.25,917.0,916.1,2208008.0,20056.44
2009-11-04,901.2,928.0,895.1,926.65,924.1,1892153.0,17231.2
2009-11-03,907.0,919.95,887.6,891.8,894.0,2328666.0,21042.15
2009-10-30,925.0,956.8,901.0,904.65,907.4,2180396.0,20270.08
2009-10-29,925.0,934.9,899.95,924.0,907.65,3527058.0,32164.76
2009-10-28,948.35,965.0,924.0,931.0,928.1,3041770.0,28689.21
2009-10-27,955.0,987.3,925.0,940.0,952.3,3606870.0,34330.27
2009-10-26,998.0,998.0,963.85,968.0,967.9,892198.0,8737.89
2009-10-23,1000.0,1000.0,972.45,995.15,994.05,1660805.0,16455.45
2009-10-22,973.0,986.9,960.0,967.95,966.15,1319687.0,12837.95
2009-10-21,988.0,999.0,972.85,975.45,977.05,1748723.0,17174.18
2009-10-20,1020.0,1026.65,987.7,995.0,994.3,1814083.0,18243.9
2009-10-17,1016.0,1019.8,1005.1,1008.95,1011.15,263363.0,2668.75
2009-10-16,1012.0,1020.9,995.0,1006.1,1006.5,2846080.0,28646.93
2009-10-15,1041.6,1041.6,998.0,1009.1,1006.0,2099956.0,21208.0
2009-10-14,1030.0,1042.0,1002.5,1034.95,1032.4,2295984.0,23638.23
2009-10-12,1003.7,1022.4,996.7,1012.5,1013.45,2524307.0,25517.03
2009-10-09,1020.0,1028.0,982.5,998.0,996.45,2947124.0,29597.94
2009-10-08,987.9,1024.0,975.5,1008.0,1009.85,3410048.0,34323.33
2009-10-07,1010.0,1013.05,975.15,981.15,980.65,2439662.0,24317.82
2009-10-06,975.0,1004.0,957.95,998.45,998.85,2420947.0,23816.79
2009-10-05,1000.0,1007.0,963.35,971.0,969.1,2703356.0,26457.43
2009-10-01,979.95,1017.9,975.15,1007.65,1009.3,4823998.0,48565.57
2009-09-30,935.0,996.4,929.0,977.35,985.15,9047510.0,87170.31
2009-09-29,920.0,929.7,916.0,928.0,926.3,2001189.0,18470.61
2009-09-25,915.0,927.4,910.1,912.4,914.8,1419399.0,13061.77
2009-09-24,915.0,925.15,904.05,920.0,919.75,1701913.0,15601.5
2009-09-23,914.8,930.0,913.0,920.0,920.0,3352380.0,30918.34
2009-09-22,926.9,926.9,907.0,908.5,909.95,1157697.0,10588.45
2009-09-18,914.9,924.05,894.0,920.1,913.85,3443387.0,31369.18
2009-09-17,918.0,927.4,909.0,910.75,911.85,1732900.0,15910.76
2009-09-16,918.0,920.8,904.55,907.6,907.65,1221629.0,11126.04
2009-09-15,900.0,916.0,899.1,907.1,909.65,1597080.0,14520.63
2009-09-14,901.0,908.5,890.05,896.0,895.65,1387168.0,12458.31
2009-09-11,911.0,918.45,890.35,903.05,902.9,1714606.0,15477.31
2009-09-10,916.65,932.5,902.05,904.0,909.3,1993240.0,18225.78
2009-09-09,905.25,921.5,902.8,915.6,915.35,1421502.0,12957.36
2009-09-08,940.0,944.7,901.2,906.0,905.25,2153427.0,19780.65
2009-09-07,912.0,935.0,912.0,935.0,932.6,1827208.0,16968.34
2009-09-04,896.0,909.8,890.0,908.5,907.25,1106782.0,9976.78
2009-09-03,896.25,909.8,882.35,885.9,888.6,1267286.0,11391.4
2009-09-02,882.0,904.6,881.0,891.0,889.2,1184260.0,10577.3
2009-09-01,914.0,924.0,882.0,896.0,892.7,1634893.0,14773.49
2009-08-31,907.0,913.0,895.0,904.25,905.3,1468028.0,13255.74
2009-08-28,915.5,926.8,901.65,915.2,918.85,1435130.0,13133.87
2009-08-27,920.05,938.9,915.0,926.2,922.75,1926701.0,17893.45
2009-08-26,918.95,936.0,917.5,935.0,933.2,2233685.0,20711.4
2009-08-25,905.9,921.95,893.55,915.2,916.5,2413623.0,21959.06
2009-08-24,893.0,913.0,892.0,907.5,909.7,2365553.0,21408.82
2009-08-21,844.8,886.7,833.25,879.65,882.45,3529873.0,30441.89
2009-08-20,826.5,849.0,819.65,846.0,845.35,2236495.0,18735.21
2009-08-19,835.0,837.0,808.55,824.1,820.9,2453892.0,20123.64
2009-08-18,825.0,844.0,818.4,828.9,831.1,2434754.0,20280.24
2009-08-17,852.0,864.0,824.1,832.9,828.05,2322296.0,19533.4
2009-08-14,880.0,880.0,855.1,870.0,870.1,1724582.0,14987.92
2009-08-13,875.0,889.0,867.1,874.25,877.35,3101983.0,27235.47
2009-08-12,850.0,876.0,839.35,873.0,870.4,3104155.0,26582.4
2009-08-11,843.0,877.0,838.0,871.15,869.9,5207964.0,44708.12
2009-08-10,824.0,849.7,796.9,835.0,843.3,6290501.0,52251.66
2009-08-07,844.0,848.9,810.0,812.0,814.65,3439692.0,28437.86
2009-08-06,852.0,869.25,838.0,848.0,845.6,4647346.0,39939.42
2009-08-05,896.0,897.0,845.05,848.5,851.85,4668572.0,39967.68
2009-08-04,926.0,927.0,885.6,890.2,894.7,2384269.0,21535.89
2009-08-03,920.5,929.1,911.95,919.0,921.75,1799971.0,16568.57
2009-07-31,940.0,947.5,908.0,914.95,917.15,2309631.0,21450.28
2009-07-30,915.0,934.0,897.0,928.0,920.6,2419222.0,22111.28
2009-07-29,922.65,946.3,892.35,912.7,917.6,3140490.0,28823.78
2009-07-28,941.0,974.4,915.3,941.75,956.6,3929112.0,36993.03
2009-07-27,900.0,949.3,880.1,939.0,938.35,3483223.0,32356.34
2009-07-24,893.95,906.9,880.0,892.25,893.95,2463152.0,22017.88
2009-07-23,875.0,897.7,871.0,895.0,893.95,2943393.0,26100.03
2009-07-22,918.7,918.7,852.05,865.0,860.7,2987110.0,26356.63
2009-07-21,896.9,896.9,860.05,889.0,884.4,2965450.0,26050.63
2009-07-20,918.8,918.8,816.65,886.5,886.35,2630380.0,23045.11
2009-07-17,807.0,857.5,802.0,854.05,851.1,3553744.0,29725.39
2009-07-16,808.35,820.0,784.0,800.05,798.65,2972234.0,23707.84
2009-07-15,772.0,799.7,761.0,797.2,788.7,4166519.0,32354.63
2009-07-14,778.0,785.0,748.55,768.8,763.2,5447948.0,41909.75
2009-07-13,719.0,771.3,707.1,764.65,755.4,6939636.0,51100.36
2009-07-10,770.0,787.0,726.1,744.0,738.25,2998644.0,22913.49
2009-07-09,776.35,797.0,745.1,763.35,764.95,3763368.0,28855.2
2009-07-08,801.2,816.0,771.55,784.05,786.5,3625169.0,28684.87
2009-07-07,798.0,826.0,795.0,815.5,816.75,3693980.0,30000.6
2009-07-06,880.1,885.0,781.6,795.05,794.4,3011859.0,24965.58
2009-07-03,847.1,876.0,837.4,873.2,873.35,2619210.0,22676.04
2009-07-02,875.0,882.9,836.6,847.2,853.7,2849103.0,24349.39
2009-07-01,838.0,879.9,830.15,873.25,869.4,4307515.0,37031.74
2009-06-30,872.0,888.0,824.05,827.9,832.25,5084110.0,43467.74
2009-06-29,820.0,900.0,818.2,861.8,867.55,6521782.0,56522.82
2009-06-26,784.9,822.0,780.0,816.6,818.05,3000075.0,24125.11
2009-06-25,780.0,791.0,767.3,777.1,778.55,3150564.0,24594.95
2009-06-24,755.0,772.9,738.35,769.1,768.85,2073492.0,15694.74
2009-06-23,749.9,754.8,723.4,749.0,749.35,2454702.0,18168.17
2009-06-22,760.05,782.0,755.0,764.0,765.8,3361744.0,25910.3
2009-06-19,743.0,763.0,722.1,758.0,756.15,2662719.0,19742.74
2009-06-18,727.0,751.0,699.0,737.85,733.0,3995297.0,29059.6
2009-06-17,765.0,772.8,713.05,718.85,721.6,3157794.0,23677.16
2009-06-16,701.0,765.0,699.0,760.0,759.65,3356419.0,24796.3
2009-06-15,695.0,736.6,688.0,722.25,718.4,3618787.0,26063.01
2009-06-12,735.0,744.95,698.1,703.0,703.75,3255234.0,23614.29
2009-06-11,765.0,765.0,718.0,722.75,726.6,2502959.0,18351.94
2009-06-10,736.0,757.7,731.0,753.9,752.5,3495583.0,26128.44
2009-06-09,700.0,733.85,662.15,729.9,726.05,2810991.0,19992.26
2009-06-08,740.0,744.0,691.0,692.0,698.2,2250126.0,16086.37
2009-06-05,754.7,754.7,730.0,743.0,738.5,3840172.0,28425.47
2009-06-04,720.0,740.0,698.0,737.8,734.85,4921815.0,35352.37
2009-06-03,730.2,741.0,710.0,715.9,717.0,3992532.0,28878.81
2009-06-02,769.75,774.0,702.4,721.6,719.9,6324978.0,45817.44
2009-06-01,791.0,810.0,730.0,747.2,741.75,4944838.0,37097.93
2009-05-29,790.0,812.0,771.2,779.95,778.95,3449748.0,27417.54
2009-05-28,799.0,810.0,771.35,783.0,782.05,4611067.0,36222.39
2009-05-27,751.9,801.4,751.9,798.0,797.75,2616496.0,20489.31
2009-05-26,765.25,778.0,739.8,741.0,744.75,2061084.0,15582.43
2009-05-25,766.0,778.9,753.6,773.6,774.0,2033607.0,15626.32
2009-05-22,738.0,768.0,721.3,766.35,762.85,3561757.0,26671.35
2009-05-21,734.0,757.5,720.1,738.0,736.2,4272377.0,31512.3
2009-05-20,676.65,792.25,676.65,734.0,728.55,4193876.0,31468.72
2009-05-19,808.0,818.0,751.0,754.9,764.8,6695326.0,52981.28
2009-05-18,730.0,818.0,725.6,801.8,778.4,68811.0,529.72
2009-05-15,680.0,680.0,644.7,660.35,659.6,4254524.0,28094.15
2009-05-14,659.0,659.0,623.5,636.1,637.55,6493362.0,41337.37
2009-05-13,659.0,692.0,659.0,670.15,671.7,6144979.0,41567.94
2009-05-12,630.4,679.9,615.15,672.9,669.0,5882766.0,37938.89
2009-05-11,613.1,632.4,602.85,624.9,620.35,4915809.0,30385.29
2009-05-08,623.0,626.95,595.3,608.0,607.25,2787975.0,16973.66
2009-05-07,612.5,628.8,610.0,623.0,624.75,2765313.0,17146.55
2009-05-06,635.0,635.0,593.3,611.05,605.25,5337630.0,32681.66
2009-05-05,620.0,642.95,601.0,622.05,627.35,6586596.0,41225.51
2009-05-04,575.0,612.0,572.1,611.0,609.35,4794343.0,28394.92
2009-04-29,536.0,563.8,534.8,560.0,557.3,4968188.0,27242.76
2009-04-28,552.0,570.0,525.0,531.7,530.7,6507252.0,35443.2
2009-04-27,520.0,563.0,513.35,553.3,557.5,6682034.0,36712.69
2009-04-24,505.5,535.9,503.0,528.35,529.6,6924508.0,36146.42
2009-04-23,476.8,509.95,462.85,509.9,502.05,6452001.0,31403.7
2009-04-22,499.0,509.9,466.55,473.2,472.15,6601603.0,31995.62
2009-04-21,500.0,500.0,477.4,494.15,493.95,9574494.0,46842.61
2009-04-20,515.0,529.9,498.4,510.25,509.85,6396039.0,33154.66
2009-04-17,472.0,512.0,472.0,510.6,503.25,5750211.0,28720.06
2009-04-16,512.1,515.85,461.15,465.0,472.1,6899033.0,33901.05
2009-04-15,455.0,515.0,436.05,506.2,504.2,6760323.0,32293.24
2009-04-13,450.25,470.5,450.25,461.2,461.85,4851315.0,22528.11
2009-04-09,460.0,468.2,435.0,442.35,445.6,7968136.0,35651.92
2009-04-08,430.0,449.7,401.4,442.15,443.55,5843471.0,25160.46
2009-04-06,455.0,464.0,426.2,434.0,435.25,5554676.0,24509.16
2009-04-02,421.15,449.0,421.15,441.95,439.6,4103869.0,18158.02
2009-04-01,420.0,421.9,400.1,415.75,418.15,5271983.0,21810.47
2009-03-31,402.0,423.8,375.6,414.25,414.95,9739763.0,39339.1
2009-03-30,422.1,427.5,390.65,399.25,397.0,5067237.0,20511.63
2009-03-27,424.0,434.9,418.6,433.5,431.05,5796734.0,24822.7
2009-03-26,411.0,427.3,404.0,420.0,421.4,7610088.0,31752.74
2009-03-25,379.8,405.0,373.4,404.5,398.1,6500122.0,25101.67
2009-03-24,375.95,399.5,365.15,375.55,371.95,6089281.0,23527.86
2009-03-23,353.9,376.9,347.6,375.6,373.65,4808782.0,17431.95
2009-03-20,356.0,360.6,326.65,341.7,342.4,4891086.0,16975.74
2009-03-19,344.95,362.95,342.0,362.1,358.0,5603741.0,19665.05
2009-03-18,328.0,347.0,328.0,343.15,340.7,4897697.0,16735.2
2009-03-17,344.0,347.9,321.1,325.75,325.5,5128623.0,17091.96
2009-03-16,330.0,353.5,325.4,341.2,342.55,5814820.0,19823.77
2009-03-13,310.6,334.55,310.6,333.0,329.9,4381546.0,14181.7
2009-03-12,290.0,307.55,283.7,305.4,304.5,5253983.0,15554.47
2009-03-09,292.6,296.7,278.25,281.2,281.4,3612891.0,10294.6
2009-03-06,292.0,308.6,286.6,298.0,294.95,8665757.0,25871.88
2009-03-05,330.0,336.0,296.35,297.2,300.7,5192278.0,16184.74
2009-03-04,344.4,344.4,319.4,322.1,322.15,3898349.0,12674.24
2009-03-03,322.0,333.75,315.2,324.95,324.9,4506689.0,14758.37
2009-03-02,343.0,343.0,319.3,323.7,323.1,3268078.0,10709.84
2009-02-27,349.8,352.85,336.75,348.0,347.9,3082977.0,10613.43
2009-02-26,360.0,366.0,343.0,347.25,346.3,3265631.0,11442.59
2009-02-25,369.0,375.8,363.65,365.0,366.05,2222019.0,8201.36
2009-02-24,368.0,369.95,355.0,363.0,363.65,2587693.0,9395.58
2009-02-20,385.0,385.0,368.0,374.2,372.7,2054951.0,7686.14
2009-02-19,396.0,404.0,385.05,388.9,388.45,2177443.0,8524.31
2009-02-18,394.0,403.4,385.0,393.05,394.25,2241951.0,8826.37
2009-02-17,410.55,413.5,393.1,397.55,399.15,2628976.0,10582.52
2009-02-16,440.0,440.0,411.0,419.05,418.8,1816911.0,7658.32
2009-02-13,437.0,444.4,436.0,441.0,440.4,1669183.0,7351.46
2009-02-12,426.0,435.0,425.1,431.45,430.5,2468647.0,10629.96
2009-02-11,410.3,433.85,407.25,431.6,430.95,2685967.0,11372.97
2009-02-10,425.0,435.0,416.0,419.65,421.0,2271332.0,9683.49
2009-02-09,409.6,425.0,406.4,422.7,422.45,2482162.0,10365.03
2009-02-06,392.0,406.9,392.0,401.5,403.0,1658792.0,6670.01
2009-02-05,396.5,399.0,384.0,393.85,392.3,2019907.0,7879.01
2009-02-04,404.0,409.85,393.0,394.65,395.15,1914021.0,7669.63
2009-02-03,403.0,414.7,392.0,393.95,395.5,2191885.0,8745.36
2009-02-02,433.0,433.0,391.1,399.25,397.85,2197560.0,9042.87
2009-01-30,434.0,439.0,418.65,432.8,433.7,2129428.0,9127.75
2009-01-29,430.0,445.0,426.1,436.2,435.65,3040706.0,13277.6
2009-01-28,399.0,429.5,397.0,426.55,422.85,5203476.0,21152.45
2009-01-27,394.95,404.7,383.25,396.8,394.75,1758321.0,6876.41
2009-01-23,410.0,418.9,380.1,387.5,384.3,2893547.0,11470.25
2009-01-22,410.5,421.0,403.3,412.7,416.05,1689063.0,6976.52
2009-01-21,405.55,428.0,404.0,404.45,407.7,2072238.0,8619.72
2009-01-20,429.7,429.7,416.6,423.0,422.4,1222309.0,5164.36
2009-01-19,448.9,450.0,431.55,432.5,438.3,1588517.0,6988.39
2009-01-16,448.7,451.0,436.0,443.85,443.55,1857294.0,8222.86
2009-01-15,430.0,438.4,421.0,435.0,434.05,2386027.0,10274.44
2009-01-14,450.0,456.95,438.0,449.0,449.4,2406971.0,10780.7
2009-01-13,442.0,465.0,433.0,440.95,440.3,3051583.0,13565.37
2009-01-12,490.0,494.8,445.0,451.0,451.7,4509390.0,20735.79
2009-01-09,508.0,540.3,475.0,492.0,486.6,5034621.0,25451.99
2009-01-07,574.0,575.4,515.0,525.0,522.1,2114311.0,11485.65
2009-01-06,561.0,577.0,551.4,570.0,569.75,2578771.0,14666.16
2009-01-05,549.5,564.8,549.5,557.55,560.1,1833121.0,10258.38
2009-01-02,522.0,547.5,517.3,545.0,541.9,2852253.0,15266.79
2009-01-01,508.5,522.7,508.0,517.9,516.85,1408190.0,7264.56
2008-12-31,519.7,521.0,499.6,505.1,504.7,2495475.0,12784.59
2008-12-30,496.5,519.4,494.0,509.5,510.25,2858087.0,14467.01
2008-12-29,480.0,501.8,468.0,492.8,494.95,2720951.0,13169.75
2008-12-26,491.45,511.0,477.25,484.0,482.8,2151638.0,10676.12
2008-12-24,495.0,498.0,481.0,490.0,490.75,2864147.0,14023.44
2008-12-23,533.1,542.9,490.75,496.9,499.5,3410146.0,17270.78
2008-12-22,549.7,556.8,528.55,542.35,537.5,2073569.0,11301.29
2008-12-19,539.7,562.0,531.25,545.3,546.0,3518637.0,19345.11
2008-12-18,495.0,543.0,495.0,537.45,537.2,3678769.0,19036.64
2008-12-17,504.0,520.0,492.05,499.0,497.6,3120588.0,15801.16
2008-12-16,485.0,506.3,478.25,500.0,500.8,2964944.0,14728.31
2008-12-15,478.2,492.4,475.0,484.3,486.2,2585591.0,12532.83
2008-12-12,449.7,473.4,435.6,470.1,468.8,2990757.0,13583.32
2008-12-11,465.5,479.0,444.4,454.1,457.0,3398607.0,15782.81
2008-12-10,457.4,466.0,438.15,462.4,462.8,4641401.0,20972.13
2008-12-08,460.0,468.0,448.0,452.0,451.95,2679101.0,12244.33
2008-12-05,457.0,475.0,440.0,440.25,443.05,4162259.0,18950.8
2008-12-04,439.5,464.8,433.0,454.0,455.2,4903899.0,22147.33
2008-12-03,435.0,439.9,422.4,430.6,433.7,3647846.0,15789.24
2008-12-02,408.0,434.7,388.25,434.0,429.1,5004986.0,20533.22
2008-12-01,412.5,436.7,408.1,413.0,413.05,5981239.0,25262.13
2008-11-28,382.0,416.0,352.5,408.75,408.5,4059970.0,16343.19
2008-11-26,379.9,418.2,362.4,418.0,404.45,5563298.0,21240.44
2008-11-25,414.8,418.7,367.0,367.75,376.55,3749504.0,14757.52
2008-11-24,409.0,420.0,391.85,396.0,397.55,3597837.0,14464.69
2008-11-21,419.0,422.5,383.6,416.0,411.5,5421573.0,22048.27
2008-11-20,418.0,418.0,394.0,414.0,405.45,3131567.0,12716.26
2008-11-19,425.0,464.3,421.1,428.0,427.55,4652182.0,20928.1
2008-11-18,452.0,452.0,425.0,437.6,437.75,4155360.0,18071.24
2008-11-17,587.2,587.2,431.3,450.9,456.65,4046313.0,18424.55
2008-11-14,540.0,554.4,487.0,488.5,492.95,4659572.0,23451.9
2008-11-12,559.0,569.7,523.15,526.0,525.3,2689984.0,14628.26
2008-11-11,600.0,603.0,560.0,561.0,564.05,2173945.0,12479.84
2008-11-10,594.45,613.0,578.3,607.0,608.9,2839790.0,17026.49
2008-11-07,580.0,599.0,547.15,588.0,581.6,3627601.0,20729.32
2008-11-06,590.0,610.9,552.5,581.0,582.7,2941701.0,17299.6
2008-11-05,651.9,674.8,592.35,598.0,604.0,3768257.0,23762.59
2008-11-04,600.0,648.9,582.4,635.1,640.45,3510260.0,21844.05
2008-11-03,582.3,624.7,580.05,600.9,602.2,2808227.0,16726.03
2008-10-31,536.1,580.0,531.1,572.5,562.95,2949632.0,16224.72
2008-10-29,595.0,599.0,518.1,522.0,526.85,4443543.0,24071.53
2008-10-28,545.0,592.0,545.0,590.35,570.0,522464.0,2950.5
2008-10-27,530.0,546.0,475.0,530.0,534.55,3211069.0,16112.51
2008-10-24,610.0,618.7,517.0,549.9,538.85,4314310.0,24324.65
2008-10-23,620.0,645.0,595.0,628.0,622.4,3385081.0,20892.74
2008-10-22,636.3,663.8,625.15,628.2,631.2,2669243.0,17154.52
2008-10-21,636.7,668.0,623.0,657.0,656.5,3934153.0,25351.01
2008-10-20,626.4,654.0,603.5,620.0,617.9,5020890.0,31445.45
2008-10-17,659.0,659.0,595.0,595.3,620.35,3857142.0,24355.91
2008-10-16,503.3,642.7,503.3,632.0,626.25,4252304.0,25630.86
2008-10-15,632.0,649.9,601.5,625.0,618.8,4108439.0,25469.32
2008-10-14,726.7,726.7,633.0,642.0,639.05,5151585.0,34481.9
2008-10-13,565.0,674.0,565.0,660.0,659.95,4472423.0,28141.54
2008-10-10,575.0,645.0,536.5,543.8,552.6,4547291.0,26732.14
2008-10-08,668.0,668.0,571.45,649.6,647.75,4167456.0,25845.39
2008-10-07,774.0,774.0,653.1,688.6,682.9,3811683.0,25947.14
2008-10-06,694.7,706.0,670.7,680.0,678.0,2783251.0,19190.62
2008-10-03,725.0,740.0,694.1,702.05,702.3,4605365.0,33292.45
2008-10-01,722.0,745.0,707.0,728.9,734.6,5478770.0,39755.43
2008-09-30,653.7,725.0,538.0,723.25,720.25,4547450.0,31578.31
2008-09-29,705.0,714.0,660.1,667.5,671.55,4812453.0,32647.15
2008-09-26,710.0,724.8,702.25,706.5,705.1,4739740.0,33848.5
2008-09-25,710.0,725.9,705.05,721.0,721.4,4270445.0,30694.28
2008-09-24,685.15,712.75,685.15,708.0,710.2,3640893.0,25467.43
2008-09-23,699.0,708.45,679.7,690.0,683.35,2402402.0,16672.26
2008-09-22,714.95,722.8,700.0,701.9,704.9,2606788.0,18538.92
2008-09-19,691.4,719.9,687.0,708.15,708.55,3972330.0,27955.93
2008-09-18,621.0,695.0,611.3,678.25,678.6,4606352.0,30945.53
2008-09-17,704.0,715.0,653.6,664.0,666.45,3876136.0,26390.07
2008-09-16,638.0,699.9,606.0,699.9,695.8,4110999.0,27519.73
2008-09-15,678.95,685.0,637.0,654.0,656.9,3244552.0,21068.46
2008-09-12,724.0,724.0,687.0,690.0,692.55,2591494.0,18150.11
2008-09-11,704.9,717.9,693.0,703.8,704.15,2511110.0,17702.14
2008-09-10,699.8,723.4,695.0,709.6,710.45,3689284.0,26294.06
2008-09-09,715.0,715.9,690.1,708.9,710.0,3140833.0,22153.09
2008-09-08,695.0,734.0,695.0,712.5,711.25,4460463.0,32029.15
2008-09-05,730.0,730.0,684.05,686.5,687.25,6016197.0,42064.86
2008-09-04,760.0,760.0,730.3,734.0,734.2,4146548.0,30784.86
2008-09-02,732.0,771.6,726.5,758.0,759.85,4811867.0,35929.51
2008-09-01,720.05,729.75,698.15,725.05,722.9,3106116.0,22058.98
2008-08-29,685.0,726.9,682.0,723.8,723.4,3815226.0,27169.42
2008-08-28,680.0,683.5,666.0,678.0,670.55,2167216.0,14617.44
2008-08-27,688.0,694.4,673.2,678.0,677.35,2611009.0,17851.02
2008-08-26,680.0,683.5,662.15,682.0,679.65,3396473.0,22866.32
2008-08-25,705.0,714.7,682.1,683.45,685.6,2373952.0,16540.28
2008-08-22,645.0,683.2,636.5,677.7,679.85,3158464.0,21067.78
2008-08-21,670.0,672.0,645.0,646.0,649.1,1994820.0,13078.1
2008-08-20,678.0,694.8,668.1,669.4,673.8,2487210.0,16947.11
2008-08-19,685.0,690.9,670.2,679.25,679.8,2537770.0,17252.19
2008-08-18,698.0,712.5,675.05,693.05,692.5,3388626.0,23617.12
2008-08-14,725.1,725.8,686.3,702.0,700.0,4291347.0,30041.33
2008-08-13,715.0,731.85,699.0,727.8,725.1,3900862.0,28153.52
2008-08-12,760.0,764.5,715.35,722.0,720.55,2771302.0,20304.08
2008-08-11,768.8,768.8,750.0,756.0,759.6,2407400.0,18338.43
2008-08-08,749.95,766.7,706.25,738.0,735.15,4538510.0,32837.86
2008-08-07,743.05,766.6,736.5,748.0,746.55,2112731.0,15878.49
2008-08-06,775.0,801.8,735.0,748.9,743.05,4280259.0,33090.36
2008-08-05,709.0,773.0,699.85,764.0,760.55,4498341.0,33498.52
2008-08-04,680.0,714.8,670.2,705.0,706.05,3269621.0,22904.67
2008-08-01,650.0,684.0,625.0,681.0,679.9,3578762.0,23686.73
2008-07-31,680.0,684.95,645.1,650.25,653.9,2739194.0,17953.35
2008-07-30,624.05,689.9,624.05,683.0,679.25,4372760.0,28733.76
2008-07-29,680.0,687.0,615.1,621.75,619.7,4701293.0,29988.08
2008-07-28,634.0,719.7,634.0,695.0,697.3,3075051.0,21685.98
2008-07-25,717.7,742.0,706.0,712.0,712.85,2216559.0,15961.83
2008-07-24,765.0,796.8,742.0,763.0,760.3,3145833.0,24213.07
2008-07-23,755.55,802.0,752.0,761.0,763.65,3202964.0,25050.32
2008-07-22,695.0,744.8,687.0,738.9,735.05,3676843.0,26607.68
2008-07-21,695.0,704.0,673.3,699.6,697.4,2660235.0,18359.1
2008-07-18,644.3,700.0,641.0,682.15,685.6,3502093.0,23633.83
2008-07-17,619.8,641.9,596.0,640.25,635.45,4875604.0,30343.0
2008-07-16,600.0,609.0,581.0,581.0,584.45,3146440.0,18672.69
2008-07-15,627.0,627.0,576.3,589.4,597.1,5101472.0,30295.82
2008-07-14,665.0,691.0,625.6,634.2,634.35,5220498.0,34413.72
2008-07-11,670.1,700.0,650.1,669.9,665.25,3488851.0,23489.18
2008-07-10,665.0,687.85,638.0,685.0,678.45,2080990.0,13732.75
2008-07-09,625.0,675.0,620.25,675.0,669.1,2390756.0,15590.1
2008-07-08,590.0,622.9,566.5,607.05,606.95,1978960.0,11739.58
2008-07-07,590.0,633.1,588.4,598.0,603.95,1702307.0,10515.42
2008-07-04,579.0,614.9,562.2,580.0,600.45,2182168.0,13008.13
2008-07-03,627.85,635.0,563.0,566.0,580.2,2431551.0,14159.2
2008-07-02,597.3,645.0,568.3,640.0,634.45,2156295.0,13092.52
2008-07-01,610.0,610.0,580.0,590.0,593.85,1889999.0,11237.27
2008-06-30,625.0,635.0,586.2,603.65,605.05,2235984.0,13482.18
2008-06-27,660.0,660.0,617.0,627.5,628.6,2409279.0,15278.13
2008-06-26,690.0,705.0,665.0,673.0,678.2,1980763.0,13531.88
2008-06-25,660.0,694.1,642.0,692.0,685.05,2723216.0,18315.24
2008-06-24,705.0,719.7,670.0,670.05,678.65,1436950.0,9899.0
2008-06-23,700.0,709.0,670.0,701.0,697.15,1915465.0,13241.59
2008-06-20,718.0,733.9,694.1,703.15,703.7,3090066.0,21960.05
2008-06-19,740.0,743.0,712.0,720.0,718.1,2112724.0,15278.05
2008-06-18,795.0,804.0,741.2,749.9,750.5,3052176.0,23320.5
2008-06-17,737.0,803.0,727.15,791.5,794.5,2196545.0,16843.52
2008-06-16,710.0,739.8,710.0,734.0,735.75,1822054.0,13238.71
2008-06-13,730.0,739.9,700.0,702.0,704.5,1527414.0,10962.21
2008-06-12,698.0,720.0,675.0,711.0,714.35,1311425.0,9226.23
2008-06-11,685.0,708.85,683.5,707.1,705.8,910020.0,6381.59
2008-06-10,710.1,718.85,671.0,677.0,681.5,1589382.0,10953.12
2008-06-09,745.0,749.8,685.0,701.0,703.1,1956217.0,13864.41
2008-06-06,790.0,790.0,756.0,760.5,760.55,1335669.0,10253.95
2008-06-05,736.8,777.3,723.25,770.0,770.9,1439640.0,10793.43
2008-06-04,757.0,776.7,728.2,732.0,736.8,1289757.0,9771.01
2008-06-03,740.0,766.7,722.25,756.15,757.4,1303437.0,9763.72
2008-06-02,775.0,807.25,740.2,741.0,749.35,1246821.0,9555.66
2008-05-30,798.95,804.5,745.45,790.0,793.25,2620850.0,20148.56
2008-05-29,815.0,829.0,775.25,777.0,783.0,1553751.0,12358.27
2008-05-28,748.0,816.4,740.0,814.0,810.2,2119177.0,16613.24
2008-05-27,770.0,780.0,730.25,743.4,738.75,1441209.0,10745.61
2008-05-26,790.0,790.0,755.3,763.0,762.9,905677.0,7008.45
2008-05-23,835.0,842.0,796.0,802.0,799.45,972939.0,7950.67
2008-05-22,865.0,865.0,823.1,826.4,828.6,1408038.0,11779.23
2008-05-21,855.1,875.0,851.3,871.9,869.75,1057469.0,9133.95
2008-05-20,899.0,899.0,851.0,872.0,869.35,1004625.0,8741.49
2008-05-16,900.0,917.9,892.0,892.0,900.05,851855.0,7727.02
2008-05-15,867.95,899.8,867.95,890.0,893.6,1048251.0,9331.02
2008-05-14,865.0,877.5,853.0,866.0,862.5,1099749.0,9515.17
2008-05-13,886.5,903.9,862.25,869.2,869.2,1341735.0,11936.63
2008-05-12,844.0,882.8,820.0,874.0,877.2,1711627.0,14648.98
2008-05-09,857.0,875.0,832.0,835.0,835.85,1506352.0,12834.71
2008-05-08,874.0,906.0,856.0,870.5,863.2,1358931.0,11889.26
2008-05-07,948.0,948.0,901.25,906.1,907.45,1536455.0,14013.41
2008-05-06,945.0,954.9,932.1,948.45,948.1,1503771.0,14224.1
2008-05-05,939.0,969.9,924.0,945.0,946.75,1125528.0,10716.03
2008-05-02,935.0,969.7,926.0,930.0,935.65,660374.0,6170.84
2008-04-30,944.7,949.9,902.0,919.4,923.55,1741905.0,16032.17
2008-04-29,915.0,949.0,905.0,943.1,945.65,1747201.0,16224.93
2008-04-28,916.0,925.0,900.0,914.9,918.9,729753.0,6681.78
2008-04-25,900.0,920.0,888.0,906.0,907.7,1010683.0,9167.76
2008-04-24,905.2,910.0,880.0,890.0,898.55,1147765.0,10278.25
2008-04-23,915.0,919.9,870.1,897.0,897.2,1015437.0,9036.83
2008-04-22,884.0,924.0,876.3,902.1,909.0,1941696.0,17685.56
2008-04-21,832.0,890.0,815.05,887.0,881.55,3394017.0,29081.07
2008-04-17,798.8,853.0,798.8,822.8,824.4,2335954.0,19439.13
2008-04-16,783.0,794.0,772.15,790.9,785.75,591973.0,4634.44
2008-04-15,755.0,783.0,741.15,777.0,773.4,1750510.0,13378.65
2008-04-11,790.0,795.0,755.6,761.0,759.95,1028093.0,7923.9
2008-04-10,802.3,822.25,770.1,774.75,777.95,1210718.0,9667.05
2008-04-09,760.0,816.4,741.15,811.9,797.7,1057834.0,8238.11
2008-04-08,751.0,776.8,744.05,755.3,758.75,1050992.0,7998.99
2008-04-07,717.9,761.95,695.0,760.0,751.15,1072531.0,7849.44
2008-04-04,745.05,747.8,710.05,716.0,714.45,1018127.0,7314.74
2008-04-03,745.0,750.0,726.05,747.95,744.2,637287.0,4692.16
2008-04-02,748.9,765.0,739.0,743.0,744.6,1852360.0,13913.04
2008-04-01,809.0,809.0,711.2,720.05,721.65,1664973.0,12293.73
2008-03-31,805.0,820.0,742.1,764.0,789.85,1874610.0,14503.34
2008-03-28,797.0,819.9,765.35,811.0,807.2,1091339.0,8664.77
2008-03-27,815.1,815.1,787.1,791.0,792.45,910845.0,7266.3
2008-03-26,805.0,840.0,785.3,831.0,828.8,760134.0,6288.12
2008-03-25,730.0,805.0,730.0,795.0,790.95,1397431.0,10987.86
2008-03-24,770.0,792.0,712.5,732.85,724.95,1278566.0,9353.4
2008-03-19,815.0,835.0,740.0,747.0,753.35,1888980.0,14438.2
2008-03-18,785.05,826.0,751.0,781.9,782.55,1326338.0,10319.28
2008-03-17,841.0,841.0,778.5,800.0,793.8,1108876.0,8821.54
2008-03-14,806.6,894.9,785.0,889.0,860.35,708255.0,5872.1
2008-03-13,846.2,862.0,762.0,810.0,806.6,1062500.0,8531.48
2008-03-12,865.0,889.9,846.25,866.0,864.0,748561.0,6496.43
2008-03-11,757.0,846.4,756.3,835.0,836.15,1106268.0,9100.31
2008-03-10,850.0,850.0,777.0,815.0,806.7,2043081.0,16357.33
2008-03-07,896.6,896.6,809.3,836.0,840.85,1023885.0,8552.9
2008-03-05,910.0,925.0,875.15,906.0,896.6,872009.0,7814.91
2008-03-04,940.0,960.0,865.0,905.2,910.9,954108.0,8651.62
2008-03-03,965.0,998.0,930.0,932.2,939.45,414872.0,3979.51
2008-02-29,998.7,1040.0,950.1,1028.0,1022.55,597013.0,5926.11
2008-02-28,1000.0,1028.0,975.05,999.0,1009.55,555678.0,5545.61
2008-02-27,971.1,1004.9,970.0,988.5,992.85,551430.0,5474.66
2008-02-26,950.0,980.0,950.0,955.0,960.8,336799.0,3253.82
2008-02-25,998.0,999.6,938.0,954.25,956.8,509108.0,4864.2
2008-02-22,980.0,985.0,960.25,971.0,971.0,412064.0,4006.11
2008-02-21,1008.8,1035.0,980.2,995.0,1000.7,311771.0,3125.47
2008-02-20,1038.0,1038.0,985.15,1000.0,1006.1,316309.0,3186.06
2008-02-19,1092.0,1099.85,1016.55,1035.5,1038.15,399273.0,4189.66
2008-02-18,1040.0,1066.9,1032.0,1050.0,1050.9,615921.0,6439.57
2008-02-15,980.0,1050.0,965.0,1042.0,1029.4,465098.0,4692.85
2008-02-14,1025.0,1025.0,972.35,996.5,993.2,542421.0,5367.66
2008-02-13,1000.0,1020.0,960.0,967.95,967.0,650497.0,6396.92
2008-02-12,936.1,1000.0,921.05,1000.0,990.6,977860.0,9386.48
2008-02-11,983.65,987.0,901.0,923.0,930.75,679096.0,6369.7
2008-02-08,1034.7,1044.7,965.55,977.0,983.65,520213.0,5219.94
2008-02-07,1084.65,1084.65,1015.05,1016.0,1034.7,520689.0,5497.62
2008-02-06,1050.0,1088.9,1016.55,1085.0,1084.65,497608.0,5277.51
2008-02-05,1092.0,1099.0,1053.25,1065.15,1059.7,398194.0,4260.89
2008-02-04,1119.0,1129.8,1077.0,1087.0,1088.95,671293.0,7376.07
2008-02-01,1140.0,1150.0,1060.0,1090.0,1085.15,1550308.0,16834.55
2008-01-31,1118.0,1150.0,1051.0,1107.0,1120.8,875349.0,9754.74
2008-01-30,1082.8,1149.95,1070.0,1086.2,1105.45,524200.0,5786.4
2008-01-29,1151.0,1195.0,1072.0,1140.0,1146.2,865706.0,9854.67
2008-01-28,1089.0,1151.0,1035.3,1140.1,1141.45,379140.0,4104.96
2008-01-25,1022.0,1151.0,1010.0,1120.4,1097.75,696260.0,7691.92
2008-01-24,1100.0,1118.9,980.0,984.0,1002.2,1367278.0,14328.63
2008-01-23,1038.8,1100.0,960.0,1015.0,1015.7,914760.0,9305.06
2008-01-22,1000.0,1099.0,848.55,970.0,974.6,727925.0,7274.22
2008-01-21,1080.0,1138.8,1020.0,1062.25,1060.65,481688.0,5162.91
2008-01-18,1150.0,1155.0,1090.3,1102.0,1116.15,619324.0,6951.48
2008-01-17,1168.0,1195.0,1116.0,1158.55,1162.05,707204.0,8176.88
2008-01-16,1190.0,1198.85,1139.55,1161.3,1156.7,893945.0,10447.28
2008-01-15,1266.0,1287.65,1185.05,1192.0,1196.55,1280499.0,15431.34
2008-01-14,1180.0,1291.5,1163.1,1279.95,1268.15,1639922.0,20029.91
2008-01-11,1099.0,1179.95,1080.0,1170.0,1169.75,1314561.0,14969.32
2008-01-10,1115.0,1125.0,1074.05,1082.15,1089.15,945450.0,10457.92
2008-01-09,1070.0,1119.0,1065.0,1098.0,1095.6,1036253.0,11340.59
2008-01-08,1100.0,1125.0,1053.1,1068.3,1065.75,644453.0,7031.06
2008-01-07,1035.0,1097.0,980.65,1092.0,1090.15,620886.0,6711.99
2008-01-04,1035.0,1074.45,1027.15,1058.9,1054.9,714826.0,7497.62
2008-01-03,1030.0,1049.65,1025.0,1034.8,1035.85,512466.0,5336.95
2008-01-02,980.0,1044.95,980.0,1028.1,1034.65,737266.0,7547.35
2008-01-01,970.3,983.45,966.1,972.0,972.55,144716.0,1411.27
2007-12-31,986.0,988.0,966.0,968.0,970.45,180153.0,1755.18
2007-12-28,960.0,986.0,953.0,972.0,975.55,354947.0,3456.87
2007-12-27,974.0,984.0,951.0,955.0,956.4,509643.0,4935.3
2007-12-26,960.0,975.0,944.0,970.0,970.95,357797.0,3445.56
2007-12-24,950.0,957.0,936.5,948.05,953.25,469184.0,4421.18
2007-12-20,941.1,963.0,925.2,931.0,933.85,317888.0,2982.08
2007-12-19,965.0,978.0,927.0,942.0,939.0,435856.0,4137.14
2007-12-18,994.7,1000.0,932.3,953.15,952.0,780477.0,7490.63
2007-12-17,995.25,1013.3,962.2,995.0,984.45,595392.0,5929.05
2007-12-14,975.1,998.95,972.15,995.25,994.65,1740002.0,17116.44
2007-12-13,945.0,980.0,945.0,968.6,972.2,922034.0,8916.47
2007-12-12,935.0,955.0,902.25,936.2,942.05,1026354.0,9656.66
2007-12-11,950.0,950.0,936.0,937.5,941.0,451633.0,4265.91
2007-12-10,940.0,942.5,931.0,937.5,939.65,193147.0,1813.86
2007-12-07,931.2,940.0,922.0,937.3,938.55,295607.0,2763.79
2007-12-06,945.1,951.0,916.65,925.0,923.2,501034.0,4668.53
2007-12-05,943.0,949.8,935.0,940.0,940.1,410243.0,3857.62
2007-12-04,947.0,950.5,940.0,940.0,944.3,520994.0,4936.56
2007-12-03,936.15,949.9,930.0,943.0,942.35,362046.0,3418.49
2007-11-30,917.05,954.7,911.1,934.0,930.65,708034.0,6626.18
2007-11-29,924.9,936.9,908.0,934.4,918.85,669531.0,6156.83
2007-11-28,943.0,950.0,900.0,904.9,905.7,390065.0,3594.51
2007-11-27,942.0,953.0,921.05,933.0,932.1,439210.0,4123.15
2007-11-26,940.0,956.0,925.0,938.9,938.6,1967743.0,18279.49
2007-11-23,930.2,950.0,915.0,933.0,926.6,510599.0,4752.83
2007-11-22,940.0,945.0,900.0,933.0,918.9,424122.0,3896.84
2007-11-21,1006.0,1006.8,932.05,943.0,943.2,341243.0,3279.07
2007-11-20,979.7,1025.0,970.0,1003.5,996.4,863971.0,8668.4
2007-11-19,990.5,999.9,970.15,972.95,980.95,536649.0,5265.45
2007-11-16,945.5,985.9,943.0,979.9,978.3,157730.0,1541.21
2007-11-15,990.5,999.8,956.15,957.1,963.5,281834.0,2751.39
2007-11-14,965.5,998.95,961.25,986.05,990.65,607929.0,5972.16
2007-11-13,890.6,960.0,881.25,955.25,945.5,529265.0,4926.56
2007-11-12,910.0,915.25,870.35,878.5,887.4,717311.0,6392.36
2007-11-09,929.7,945.0,903.1,917.0,914.2,29478.0,271.39
2007-11-08,944.0,944.0,890.65,920.0,921.05,435268.0,3974.96
2007-11-07,958.5,998.0,921.0,934.85,932.45,464193.0,4408.03
2007-11-06,985.0,1003.5,926.3,952.6,946.4,541088.0,5276.15
2007-11-05,934.0,1010.0,911.15,984.9,973.0,1124891.0,10989.63
2007-11-02,901.0,940.0,880.2,938.0,932.15,232995.0,2143.77
2007-11-01,925.0,944.0,888.0,913.0,917.85,489757.0,4494.67
2007-10-31,908.1,925.0,904.05,923.0,917.35,261176.0,2388.78
2007-10-30,932.0,944.7,900.0,903.3,908.35,705040.0,6518.91
2007-10-29,928.0,956.9,910.05,915.0,929.05,655318.0,6159.08
2007-10-26,872.0,945.0,853.0,925.0,926.1,576833.0,5201.08
2007-10-25,860.0,884.95,840.05,870.0,873.85,614841.0,5285.51
2007-10-24,869.8,893.9,848.5,865.0,866.4,558274.0,4849.23
2007-10-23,821.1,898.0,821.1,866.2,868.85,723976.0,6285.2
2007-10-22,812.0,849.4,790.0,835.0,819.0,683447.0,5541.31
2007-10-19,869.0,869.0,815.0,835.0,829.85,717417.0,5960.9
2007-10-18,898.7,898.7,845.0,860.0,857.1,1122762.0,9819.84
2007-10-17,801.0,880.0,709.4,875.1,872.15,1408050.0,11778.89
2007-10-16,834.7,903.0,823.1,889.0,886.7,1528678.0,13200.52
2007-10-15,753.0,831.0,752.0,815.0,820.0,1316528.0,10492.45
2007-10-12,760.0,767.75,740.0,743.0,744.05,232221.0,1743.96
2007-10-11,768.0,770.0,748.0,760.0,759.75,507316.0,3864.94
2007-10-10,739.95,766.0,736.25,761.5,762.2,666478.0,5035.79
2007-10-09,705.0,734.7,699.1,731.5,729.55,375349.0,2692.1
2007-10-08,740.0,747.7,689.0,722.05,715.65,364012.0,2590.35
2007-10-05,753.55,762.0,731.0,731.0,738.9,325965.0,2444.25
2007-10-04,759.7,764.9,725.0,750.25,754.8,771698.0,5735.21
2007-10-03,753.0,766.0,729.9,755.9,757.6,1013348.0,7655.85
2007-10-01,766.9,772.5,744.0,748.0,751.5,643127.0,4846.17
2007-09-28,771.0,775.0,752.65,764.0,764.6,975475.0,7449.39
2007-09-27,770.0,776.0,759.8,770.0,768.7,982665.0,7551.85
2007-09-26,740.0,760.05,740.0,759.85,755.75,934521.0,7045.76
2007-09-25,730.0,740.7,728.1,735.2,739.55,644897.0,4742.4
2007-09-24,712.0,743.0,710.05,729.25,732.1,542983.0,3956.8
2007-09-21,707.0,714.0,703.0,709.3,709.7,486857.0,3449.52
2007-09-20,692.0,712.0,681.5,706.1,706.15,1214695.0,8436.74
2007-09-19,680.0,697.0,670.0,683.0,684.2,1012879.0,6919.97
2007-09-18,656.0,669.4,652.9,660.0,660.3,614081.0,4049.42
2007-09-17,646.0,661.5,641.0,654.65,658.65,459555.0,3000.55
2007-09-14,660.0,672.0,642.2,649.5,650.0,698468.0,4620.69
2007-09-13,648.0,666.6,648.0,656.55,659.5,505701.0,3336.24
2007-09-12,658.4,658.4,645.1,648.9,646.6,349171.0,2265.64
2007-09-11,654.7,658.9,645.0,648.0,646.95,222745.0,1446.69
2007-09-10,621.0,657.0,612.65,647.4,649.6,351471.0,2281.01
2007-09-07,661.25,664.9,650.0,650.55,651.2,324459.0,2132.42
2007-09-06,652.3,669.7,652.3,659.9,659.75,578519.0,3823.9
2007-09-05,659.9,675.4,659.9,663.95,666.65,765902.0,5129.56
2007-09-04,640.0,671.0,639.9,652.95,658.85,1101122.0,7236.42
2007-09-03,635.0,640.9,625.0,635.15,637.35,777049.0,4931.37
2007-08-31,633.0,643.0,631.3,635.0,635.0,699623.0,4464.99
2007-08-30,620.0,634.7,612.0,627.0,629.65,4213178.0,26008.97
2007-08-29,594.0,624.0,582.0,618.05,612.5,2583362.0,15836.8
2007-08-28,583.8,607.5,577.2,597.1,599.9,1378607.0,8231.71
2007-08-27,586.0,586.0,575.15,579.05,577.45,578904.0,3351.82
2007-08-24,577.0,597.0,565.1,572.2,570.95,745735.0,4266.24
2007-08-23,602.0,614.0,565.75,579.9,582.5,629828.0,3679.99
2007-08-22,592.0,599.7,561.15,584.0,582.55,551499.0,3189.04
2007-08-21,613.9,613.9,587.0,587.0,590.9,441898.0,2647.03
2007-08-20,585.0,609.0,577.0,603.5,604.65,878025.0,5210.58
2007-08-17,546.05,581.0,534.0,577.0,575.15,1338154.0,7494.97
2007-08-16,588.0,594.9,551.0,558.0,557.85,860905.0,4860.75
